ALDER;M;K;TOTAL;Modul
0;127;127;254;60
1;128;135;263;60
2;141;150;291;60
3;158;137;295;60
4;149;133;282;60
5;184;176;360;60
6;170;175;345;60
7;223;193;416;60
8;198;206;404;60
9;208;186;394;60
10;221;194;415;60
11;213;192;405;60
12;193;227;420;60
13;206;198;404;60
14;229;213;442;60
15;235;227;462;60
16;241;231;472;60
17;251;230;481;60
18;241;243;484;60
19;231;236;467;60
20;225;198;423;60
21;174;154;328;60
22;171;129;300;60
23;161;104;265;60
24;149;110;259;60
25;139;115;254;60
26;157;108;265;60
27;154;154;308;60
28;133;121;254;60
29;144;140;284;60
30;125;129;254;60
31;137;127;264;60
32;136;141;277;60
33;156;169;325;60
34;146;147;293;60
35;159;172;331;60
36;171;148;319;60
37;192;187;379;60
38;186;172;358;60
39;200;209;409;60
40;212;221;433;60
41;224;235;459;60
42;223;240;463;60
43;256;269;525;60
44;243;282;525;60
45;256;231;487;60
46;238;240;478;60
47;229;230;459;60
48;262;293;555;60
49;304;333;637;60
50;367;344;711;60
51;329;359;688;60
52;303;326;629;60
53;321;345;666;60
54;347;313;660;60
55;311;334;645;60
56;339;344;683;60
57;321;315;636;60
58;327;340;667;60
59;341;327;668;60
60;327;318;645;60
61;328;353;681;60
62;338;329;667;60
63;368;360;728;60
64;342;305;647;60
65;355;355;710;60
66;347;323;670;60
67;326;341;667;60
68;360;360;720;60
69;359;354;713;60
70;387;373;760;60
71;343;311;654;60
72;247;300;547;60
73;285;259;544;60
74;227;237;464;60
75;207;219;426;60
76;222;201;423;60
77;163;228;391;60
78;157;167;324;60
79;148;191;339;60
80;146;160;306;60
81;116;174;290;60
82;111;153;264;60
83;98;142;240;60
84;88;116;204;60
85;79;128;207;60
86;66;77;143;60
87;49;99;148;60
88;44;97;141;60
89;52;77;129;60
90;44;70;114;60
91;30;67;97;60
92;26;59;85;60
93;7;33;40;60
94;9;28;37;60
95;7;29;36;60
96;3;14;17;60
97;5;11;16;60
98;1;14;15;60
99;0;8;8;60
0;1312;1239;2551;59
1;1224;1151;2375;59
2;1178;1057;2235;59
3;1195;1049;2244;59
4;1090;1057;2147;59
5;1181;1109;2290;59
6;1036;1007;2043;59
7;1023;1018;2041;59
8;1002;990;1992;59
9;992;883;1875;59
10;929;846;1775;59
11;850;754;1604;59
12;776;820;1596;59
13;833;813;1646;59
14;771;766;1537;59
15;781;758;1539;59
16;816;732;1548;59
17;822;806;1628;59
18;784;774;1558;59
19;876;869;1745;59
20;1097;1342;2439;59
21;1402;1763;3165;59
22;1484;1795;3279;59
23;1698;2040;3738;59
24;1719;2010;3729;59
25;1899;1954;3853;59
26;1791;1991;3782;59
27;1791;1842;3633;59
28;1668;1777;3445;59
29;1655;1709;3364;59
30;1618;1673;3291;59
31;1581;1572;3153;59
32;1515;1531;3046;59
33;1511;1514;3025;59
34;1554;1496;3050;59
35;1586;1561;3147;59
36;1546;1513;3059;59
37;1595;1502;3097;59
38;1468;1410;2878;59
39;1484;1393;2877;59
40;1598;1452;3050;59
41;1526;1427;2953;59
42;1342;1240;2582;59
43;1344;1247;2591;59
44;1273;1158;2431;59
45;1196;1052;2248;59
46;1188;1023;2211;59
47;1181;1037;2218;59
48;1165;1201;2366;59
49;1256;1239;2495;59
50;1151;1155;2306;59
51;1192;1076;2268;59
52;1161;1065;2226;59
53;1035;961;1996;59
54;978;1022;2000;59
55;1077;962;2039;59
56;949;916;1865;59
57;971;885;1856;59
58;863;833;1696;59
59;896;899;1795;59
60;891;880;1771;59
61;801;846;1647;59
62;798;842;1640;59
63;730;776;1506;59
64;802;823;1625;59
65;765;811;1576;59
66;725;765;1490;59
67;736;775;1511;59
68;808;851;1659;59
69;798;822;1620;59
70;713;801;1514;59
71;633;721;1354;59
72;607;697;1304;59
73;568;639;1207;59
74;450;503;953;59
75;380;530;910;59
76;338;474;812;59
77;337;466;803;59
78;327;425;752;59
79;275;353;628;59
80;257;377;634;59
81;232;321;553;59
82;209;297;506;59
83;173;299;472;59
84;153;287;440;59
85;125;275;400;59
86;117;255;372;59
87;122;245;367;59
88;84;207;291;59
89;75;175;250;59
90;52;142;194;59
91;53;151;204;59
92;30;142;172;59
93;32;81;113;59
94;23;75;98;59
95;16;50;66;59
96;10;39;49;59
97;5;35;40;59
98;2;15;17;59
99;5;12;17;59
0;844;803;1647;58
1;670;664;1334;58
2;589;558;1147;58
3;535;507;1042;58
4;530;473;1003;58
5;449;483;932;58
6;444;406;850;58
7;417;450;867;58
8;405;369;774;58
9;384;344;728;58
10;329;361;690;58
11;369;355;724;58
12;348;346;694;58
13;339;337;676;58
14;349;330;679;58
15;346;351;697;58
16;340;340;680;58
17;344;342;686;58
18;335;399;734;58
19;412;493;905;58
20;580;889;1469;58
21;903;1325;2228;58
22;1170;1582;2752;58
23;1408;1735;3143;58
24;1699;1986;3685;58
25;1745;2050;3795;58
26;1843;2119;3962;58
27;1836;2085;3921;58
28;1725;1863;3588;58
29;1681;1673;3354;58
30;1505;1616;3121;58
31;1423;1406;2829;58
32;1298;1176;2474;58
33;1178;1050;2228;58
34;1062;974;2036;58
35;1021;890;1911;58
36;952;833;1785;58
37;821;831;1652;58
38;786;741;1527;58
39;747;648;1395;58
40;726;684;1410;58
41;714;644;1358;58
42;666;582;1248;58
43;670;623;1293;58
44;635;566;1201;58
45;558;538;1096;58
46;552;523;1075;58
47;544;494;1038;58
48;551;530;1081;58
49;620;544;1164;58
50;547;475;1022;58
51;555;493;1048;58
52;493;446;939;58
53;439;414;853;58
54;434;348;782;58
55;414;377;791;58
56;365;341;706;58
57;381;375;756;58
58;391;326;717;58
59;374;330;704;58
60;347;344;691;58
61;327;347;674;58
62;292;339;631;58
63;297;321;618;58
64;296;277;573;58
65;292;339;631;58
66;268;284;552;58
67;286;301;587;58
68;284;291;575;58
69;283;310;593;58
70;263;312;575;58
71;270;275;545;58
72;216;260;476;58
73;222;255;477;58
74;166;163;329;58
75;159;178;337;58
76;132;155;287;58
77;108;176;284;58
78;113;125;238;58
79;86;123;209;58
80;80;109;189;58
81;59;116;175;58
82;68;87;155;58
83;51;115;166;58
84;45;93;138;58
85;41;79;120;58
86;46;80;126;58
87;30;78;108;58
88;30;71;101;58
89;18;64;82;58
90;13;58;71;58
91;19;63;82;58
92;8;54;62;58
93;9;32;41;58
94;8;39;47;58
95;6;29;35;58
96;3;20;23;58
97;3;18;21;58
98;3;7;10;58
99;2;5;7;58
0;1016;963;1979;57
1;914;845;1759;57
2;774;734;1508;57
3;738;695;1433;57
4;652;681;1333;57
5;697;631;1328;57
6;620;625;1245;57
7;579;549;1128;57
8;586;503;1089;57
9;492;476;968;57
10;421;431;852;57
11;482;422;904;57
12;431;381;812;57
13;380;421;801;57
14;430;433;863;57
15;426;353;779;57
16;387;387;774;57
17;338;362;700;57
18;403;396;799;57
19;425;481;906;57
20;609;831;1440;57
21;872;1063;1935;57
22;963;1163;2126;57
23;1013;1430;2443;57
24;1136;1431;2567;57
25;1277;1543;2820;57
26;1377;1667;3044;57
27;1448;1552;3000;57
28;1425;1434;2859;57
29;1330;1495;2825;57
30;1334;1442;2776;57
31;1319;1285;2604;57
32;1226;1292;2518;57
33;1242;1222;2464;57
34;1188;1120;2308;57
35;1263;1166;2429;57
36;1108;1118;2226;57
37;1191;1002;2193;57
38;1078;975;2053;57
39;1088;950;2038;57
40;1085;979;2064;57
41;1101;943;2044;57
42;1016;870;1886;57
43;1038;820;1858;57
44;919;798;1717;57
45;895;725;1620;57
46;784;669;1453;57
47;813;654;1467;57
48;793;640;1433;57
49;797;686;1483;57
50;818;679;1497;57
51;747;616;1363;57
52;714;601;1315;57
53;639;572;1211;57
54;546;542;1088;57
55;527;530;1057;57
56;519;494;1013;57
57;518;499;1017;57
58;529;479;1008;57
59;494;502;996;57
60;482;478;960;57
61;450;480;930;57
62;455;483;938;57
63;448;453;901;57
64;456;466;922;57
65;435;466;901;57
66;427;495;922;57
67;470;515;985;57
68;466;490;956;57
69;464;547;1011;57
70;477;470;947;57
71;412;469;881;57
72;384;446;830;57
73;356;373;729;57
74;256;319;575;57
75;249;283;532;57
76;229;259;488;57
77;189;244;433;57
78;116;206;322;57
79;132;184;316;57
80;135;181;316;57
81;103;162;265;57
82;99;137;236;57
83;60;157;217;57
84;62;113;175;57
85;64;105;169;57
86;53;113;166;57
87;45;85;130;57
88;35;66;101;57
89;25;80;105;57
90;32;64;96;57
91;20;55;75;57
92;19;55;74;57
93;9;48;57;57
94;10;37;47;57
95;5;27;32;57
96;5;20;25;57
97;3;15;18;57
98;4;10;14;57
99;2;6;8;57
0;925;822;1747;56
1;821;801;1622;56
2;727;719;1446;56
3;706;698;1404;56
4;667;661;1328;56
5;688;672;1360;56
6;639;641;1280;56
7;667;695;1362;56
8;588;559;1147;56
9;625;618;1243;56
10;559;477;1036;56
11;467;535;1002;56
12;506;511;1017;56
13;514;430;944;56
14;487;477;964;56
15;465;470;935;56
16;473;461;934;56
17;462;494;956;56
18;494;521;1015;56
19;568;597;1165;56
20;769;955;1724;56
21;974;1250;2224;56
22;1183;1381;2564;56
23;1271;1495;2766;56
24;1294;1580;2874;56
25;1325;1648;2973;56
26;1375;1538;2913;56
27;1341;1569;2910;56
28;1303;1398;2701;56
29;1343;1365;2708;56
30;1298;1289;2587;56
31;1170;1238;2408;56
32;1070;1110;2180;56
33;1042;1009;2051;56
34;1041;1017;2058;56
35;1025;1002;2027;56
36;1026;1020;2046;56
37;967;951;1918;56
38;943;934;1877;56
39;926;911;1837;56
40;978;916;1894;56
41;924;854;1778;56
42;841;853;1694;56
43;833;841;1674;56
44;758;783;1541;56
45;775;672;1447;56
46;700;631;1331;56
47;739;717;1456;56
48;746;758;1504;56
49;798;765;1563;56
50;744;819;1563;56
51;745;744;1489;56
52;688;665;1353;56
53;624;646;1270;56
54;587;673;1260;56
55;609;633;1242;56
56;575;601;1176;56
57;535;612;1147;56
58;573;562;1135;56
59;543;573;1116;56
60;477;517;994;56
61;456;603;1059;56
62;498;583;1081;56
63;471;562;1033;56
64;498;539;1037;56
65;442;554;996;56
66;435;560;995;56
67;479;571;1050;56
68;565;620;1185;56
69;505;589;1094;56
70;474;589;1063;56
71;451;575;1026;56
72;424;566;990;56
73;372;462;834;56
74;318;372;690;56
75;269;397;666;56
76;280;366;646;56
77;249;371;620;56
78;239;353;592;56
79;181;355;536;56
80;170;288;458;56
81;156;292;448;56
82;125;258;383;56
83;126;248;374;56
84;124;246;370;56
85;109;223;332;56
86;101;226;327;56
87;91;230;321;56
88;80;190;270;56
89;55;181;236;56
90;62;180;242;56
91;38;138;176;56
92;38;131;169;56
93;28;101;129;56
94;20;83;103;56
95;21;92;113;56
96;13;49;62;56
97;9;36;45;56
98;2;32;34;56
99;4;23;27;56
0;914;840;1754;55
1;932;914;1846;55
2;918;835;1753;55
3;913;881;1794;55
4;865;887;1752;55
5;1052;893;1945;55
6;927;909;1836;55
7;953;917;1870;55
8;951;838;1789;55
9;923;886;1809;55
10;915;820;1735;55
11;907;782;1689;55
12;888;865;1753;55
13;834;823;1657;55
14;892;852;1744;55
15;874;822;1696;55
16;898;869;1767;55
17;884;798;1682;55
18;870;823;1693;55
19;864;878;1742;55
20;1013;898;1911;55
21;1006;946;1952;55
22;947;943;1890;55
23;1038;974;2012;55
24;1009;947;1956;55
25;889;937;1826;55
26;939;916;1855;55
27;959;904;1863;55
28;978;939;1917;55
29;890;957;1847;55
30;901;867;1768;55
31;925;842;1767;55
32;910;917;1827;55
33;975;937;1912;55
34;929;972;1901;55
35;1020;998;2018;55
36;1031;1008;2039;55
37;1079;1042;2121;55
38;1002;1023;2025;55
39;1040;999;2039;55
40;1093;1068;2161;55
41;1042;1023;2065;55
42;1049;1027;2076;55
43;1071;1088;2159;55
44;1047;1017;2064;55
45;914;985;1899;55
46;992;967;1959;55
47;964;998;1962;55
48;1093;1074;2167;55
49;1196;1225;2421;55
50;1152;1107;2259;55
51;1081;1080;2161;55
52;1064;1152;2216;55
53;981;1005;1986;55
54;1009;1021;2030;55
55;1003;1024;2027;55
56;928;966;1894;55
57;956;964;1920;55
58;901;914;1815;55
59;929;980;1909;55
60;879;876;1755;55
61;803;871;1674;55
62;814;850;1664;55
63;737;844;1581;55
64;727;774;1501;55
65;758;833;1591;55
66;682;828;1510;55
67;790;787;1577;55
68;789;807;1596;55
69;834;885;1719;55
70;771;827;1598;55
71;750;834;1584;55
72;631;763;1394;55
73;599;726;1325;55
74;479;646;1125;55
75;479;631;1110;55
76;416;637;1053;55
77;438;638;1076;55
78;424;550;974;55
79;383;539;922;55
80;341;511;852;55
81;351;502;853;55
82;273;523;796;55
83;268;417;685;55
84;240;384;624;55
85;216;349;565;55
86;165;326;491;55
87;161;295;456;55
88;139;260;399;55
89;111;264;375;55
90;100;230;330;55
91;70;155;225;55
92;52;149;201;55
93;31;106;137;55
94;23;89;112;55
95;24;59;83;55
96;12;36;48;55
97;13;31;44;55
98;4;14;18;55
99;3;10;13;55
0;996;896;1892;54
1;893;873;1766;54
2;803;808;1611;54
3;813;783;1596;54
4;813;807;1620;54
5;822;793;1615;54
6;715;737;1452;54
7;764;640;1404;54
8;728;644;1372;54
9;683;634;1317;54
10;624;643;1267;54
11;626;581;1207;54
12;628;613;1241;54
13;579;583;1162;54
14;621;535;1156;54
15;558;552;1110;54
16;570;567;1137;54
17;520;510;1030;54
18;606;627;1233;54
19;680;738;1418;54
20;866;1061;1927;54
21;1191;1455;2646;54
22;1378;1600;2978;54
23;1537;1655;3192;54
24;1598;1780;3378;54
25;1638;1906;3544;54
26;1634;1757;3391;54
27;1637;1755;3392;54
28;1458;1611;3069;54
29;1501;1452;2953;54
30;1413;1398;2811;54
31;1338;1312;2650;54
32;1231;1079;2310;54
33;1295;1077;2372;54
34;1159;995;2154;54
35;1071;1011;2082;54
36;1134;1011;2145;54
37;1000;907;1907;54
38;1006;911;1917;54
39;985;867;1852;54
40;1072;913;1985;54
41;921;909;1830;54
42;944;833;1777;54
43;898;898;1796;54
44;888;797;1685;54
45;838;726;1564;54
46;821;688;1509;54
47;819;709;1528;54
48;818;771;1589;54
49;915;791;1706;54
50;855;764;1619;54
51;891;735;1626;54
52;815;723;1538;54
53;728;732;1460;54
54;743;671;1414;54
55;704;675;1379;54
56;675;655;1330;54
57;654;619;1273;54
58;628;586;1214;54
59;636;597;1233;54
60;640;621;1261;54
61;569;589;1158;54
62;604;569;1173;54
63;540;532;1072;54
64;550;517;1067;54
65;511;568;1079;54
66;478;480;958;54
67;504;518;1022;54
68;542;551;1093;54
69;472;524;996;54
70;446;492;938;54
71;407;444;851;54
72;378;382;760;54
73;333;353;686;54
74;244;332;576;54
75;247;311;558;54
76;242;283;525;54
77;219;295;514;54
78;187;274;461;54
79;178;227;405;54
80;157;245;402;54
81;114;194;308;54
82;109;209;318;54
83;108;218;326;54
84;106;217;323;54
85;84;177;261;54
86;83;192;275;54
87;67;182;249;54
88;52;160;212;54
89;67;150;217;54
90;42;143;185;54
91;42;111;153;54
92;26;104;130;54
93;28;96;124;54
94;18;89;107;54
95;10;80;90;54
96;7;49;56;54
97;5;34;39;54
98;1;36;37;54
99;1;15;16;54
0;781;787;1568;53
1;708;671;1379;53
2;720;584;1304;53
3;669;597;1266;53
4;622;565;1187;53
5;646;622;1268;53
6;675;603;1278;53
7;641;571;1212;53
8;643;593;1236;53
9;624;585;1209;53
10;600;523;1123;53
11;578;587;1165;53
12;558;527;1085;53
13;550;498;1048;53
14;586;509;1095;53
15;558;577;1135;53
16;532;530;1062;53
17;577;530;1107;53
18;571;546;1117;53
19;557;598;1155;53
20;685;906;1591;53
21;849;1060;1909;53
22;905;1186;2091;53
23;1079;1271;2350;53
24;1170;1333;2503;53
25;1234;1408;2642;53
26;1224;1442;2666;53
27;1158;1348;2506;53
28;1162;1263;2425;53
29;1175;1180;2355;53
30;1135;1191;2326;53
31;1055;995;2050;53
32;919;941;1860;53
33;866;901;1767;53
34;789;847;1636;53
35;846;871;1717;53
36;777;900;1677;53
37;828;882;1710;53
38;774;812;1586;53
39;797;805;1602;53
40;829;845;1674;53
41;877;883;1760;53
42;827;875;1702;53
43;841;825;1666;53
44;784;900;1684;53
45;743;800;1543;53
46;744;773;1517;53
47;764;764;1528;53
48;804;854;1658;53
49;805;868;1673;53
50;814;856;1670;53
51;760;772;1532;53
52;723;748;1471;53
53;681;679;1360;53
54;627;652;1279;53
55;604;642;1246;53
56;605;563;1168;53
57;568;570;1138;53
58;486;600;1086;53
59;514;551;1065;53
60;514;569;1083;53
61;457;556;1013;53
62;477;585;1062;53
63;504;586;1090;53
64;465;530;995;53
65;469;544;1013;53
66;463;557;1020;53
67;481;591;1072;53
68;544;575;1119;53
69;504;635;1139;53
70;479;564;1043;53
71;437;569;1006;53
72;389;541;930;53
73;354;405;759;53
74;272;388;660;53
75;271;368;639;53
76;253;317;570;53
77;249;287;536;53
78;182;258;440;53
79;161;248;409;53
80;140;209;349;53
81;131;204;335;53
82;121;196;317;53
83;98;186;284;53
84;92;176;268;53
85;74;157;231;53
86;65;148;213;53
87;75;142;217;53
88;47;130;177;53
89;37;97;134;53
90;36;113;149;53
91;28;91;119;53
92;19;74;93;53
93;16;64;80;53
94;18;75;93;53
95;11;54;65;53
96;11;33;44;53
97;3;27;30;53
98;10;10;20;53
99;5;22;27;53
0;471;458;929;52
1;492;500;992;52
2;537;511;1048;52
3;580;551;1131;52
4;589;590;1179;52
5;601;652;1253;52
6;661;586;1247;52
7;670;617;1287;52
8;655;598;1253;52
9;593;583;1176;52
10;616;591;1207;52
11;606;547;1153;52
12;539;558;1097;52
13;553;538;1091;52
14;573;519;1092;52
15;578;593;1171;52
16;580;571;1151;52
17;583;566;1149;52
18;615;559;1174;52
19;601;555;1156;52
20;595;616;1211;52
21;624;545;1169;52
22;532;482;1014;52
23;529;487;1016;52
24;581;511;1092;52
25;514;545;1059;52
26;514;532;1046;52
27;589;569;1158;52
28;530;579;1109;52
29;500;543;1043;52
30;496;520;1016;52
31;492;466;958;52
32;550;529;1079;52
33;556;523;1079;52
34;505;512;1017;52
35;551;594;1145;52
36;581;622;1203;52
37;597;656;1253;52
38;567;589;1156;52
39;585;608;1193;52
40;690;673;1363;52
41;676;747;1423;52
42;664;685;1349;52
43;669;719;1388;52
44;666;677;1343;52
45;638;666;1304;52
46;632;656;1288;52
47;650;646;1296;52
48;721;731;1452;52
49;748;800;1548;52
50;730;800;1530;52
51;685;701;1386;52
52;712;686;1398;52
53;602;651;1253;52
54;611;627;1238;52
55;621;625;1246;52
56;593;604;1197;52
57;540;567;1107;52
58;531;578;1109;52
59;524;584;1108;52
60;508;562;1070;52
61;485;530;1015;52
62;487;533;1020;52
63;470;487;957;52
64;463;511;974;52
65;427;499;926;52
66;456;511;967;52
67;484;539;1023;52
68;457;575;1032;52
69;518;547;1065;52
70;466;526;992;52
71;432;508;940;52
72;390;500;890;52
73;346;427;773;52
74;299;350;649;52
75;279;341;620;52
76;227;348;575;52
77;222;337;559;52
78;221;356;577;52
79;198;330;528;52
80;170;261;431;52
81;191;265;456;52
82;133;272;405;52
83;139;257;396;52
84;125;221;346;52
85;117;235;352;52
86;101;210;311;52
87;87;205;292;52
88;63;179;242;52
89;87;188;275;52
90;56;180;236;52
91;61;160;221;52
92;31;127;158;52
93;28;98;126;52
94;26;85;111;52
95;17;76;93;52
96;11;56;67;52
97;8;40;48;52
98;5;29;34;52
99;3;28;31;52
0;468;395;863;51
1;468;440;908;51
2;524;520;1044;51
3;588;519;1107;51
4;601;532;1133;51
5;682;622;1304;51
6;695;638;1333;51
7;679;619;1298;51
8;739;684;1423;51
9;676;587;1263;51
10;684;608;1292;51
11;622;601;1223;51
12;706;615;1321;51
13;675;608;1283;51
14;692;620;1312;51
15;688;633;1321;51
16;629;602;1231;51
17;635;593;1228;51
18;630;636;1266;51
19;715;633;1348;51
20;730;606;1336;51
21;749;563;1312;51
22;721;539;1260;51
23;737;541;1278;51
24;663;453;1116;51
25;577;504;1081;51
26;589;454;1043;51
27;477;455;932;51
28;474;393;867;51
29;376;403;779;51
30;414;375;789;51
31;378;393;771;51
32;379;425;804;51
33;369;486;855;51
34;438;508;946;51
35;526;514;1040;51
36;506;535;1041;51
37;483;613;1096;51
38;513;583;1096;51
39;554;629;1183;51
40;650;671;1321;51
41;665;739;1404;51
42;705;727;1432;51
43;692;751;1443;51
44;683;708;1391;51
45;661;716;1377;51
46;648;694;1342;51
47;687;762;1449;51
48;691;782;1473;51
49;770;878;1648;51
50;746;834;1580;51
51;739;767;1506;51
52;734;725;1459;51
53;643;712;1355;51
54;630;660;1290;51
55;648;699;1347;51
56;644;630;1274;51
57;615;625;1240;51
58;620;640;1260;51
59;606;615;1221;51
60;561;603;1164;51
61;541;606;1147;51
62;554;596;1150;51
63;561;563;1124;51
64;526;532;1058;51
65;483;571;1054;51
66;489;554;1043;51
67;531;597;1128;51
68;603;676;1279;51
69;605;702;1307;51
70;590;651;1241;51
71;503;621;1124;51
72;420;566;986;51
73;415;509;924;51
74;348;426;774;51
75;332;424;756;51
76;351;412;763;51
77;290;431;721;51
78;285;370;655;51
79;216;392;608;51
80;277;341;618;51
81;218;345;563;51
82;189;308;497;51
83;173;329;502;51
84;160;296;456;51
85;179;296;475;51
86;174;268;442;51
87;143;286;429;51
88;140;251;391;51
89;106;256;362;51
90;86;209;295;51
91;85;186;271;51
92;80;154;234;51
93;54;103;157;51
94;34;123;157;51
95;19;79;98;51
96;22;61;83;51
97;12;31;43;51
98;5;18;23;51
99;1;21;22;51
0;545;549;1094;50
1;629;565;1194;50
2;653;614;1267;50
3;671;669;1340;50
4;717;744;1461;50
5;781;775;1556;50
6;799;771;1570;50
7;867;778;1645;50
8;841;825;1666;50
9;840;815;1655;50
10;889;859;1748;50
11;844;771;1615;50
12;902;771;1673;50
13;838;830;1668;50
14;854;838;1692;50
15;908;880;1788;50
16;881;853;1734;50
17;955;900;1855;50
18;927;914;1841;50
19;924;851;1775;50
20;845;718;1563;50
21;638;553;1191;50
22;534;487;1021;50
23;468;455;923;50
24;435;363;798;50
25;479;394;873;50
26;434;381;815;50
27;421;404;825;50
28;429;404;833;50
29;419;456;875;50
30;445;449;894;50
31;425;492;917;50
32;488;562;1050;50
33;508;573;1081;50
34;537;579;1116;50
35;598;625;1223;50
36;615;721;1336;50
37;648;694;1342;50
38;661;772;1433;50
39;718;794;1512;50
40;884;949;1833;50
41;854;926;1780;50
42;828;878;1706;50
43;894;969;1863;50
44;866;936;1802;50
45;806;962;1768;50
46;884;917;1801;50
47;981;955;1936;50
48;995;1082;2077;50
49;1070;1132;2202;50
50;1019;1053;2072;50
51;975;1085;2060;50
52;975;997;1972;50
53;843;936;1779;50
54;849;878;1727;50
55;873;875;1748;50
56;777;775;1552;50
57;783;710;1493;50
58;782;748;1530;50
59;743;736;1479;50
60;683;693;1376;50
61;664;693;1357;50
62;650;730;1380;50
63;681;650;1331;50
64;647;678;1325;50
65;633;700;1333;50
66;578;732;1310;50
67;661;740;1401;50
68;718;818;1536;50
69;734;864;1598;50
70;714;789;1503;50
71;697;765;1462;50
72;582;700;1282;50
73;550;673;1223;50
74;453;588;1041;50
75;446;594;1040;50
76;470;547;1017;50
77;411;519;930;50
78;397;536;933;50
79;343;453;796;50
80;315;396;711;50
81;328;384;712;50
82;259;370;629;50
83;245;292;537;50
84;223;314;537;50
85;202;285;487;50
86;154;221;375;50
87;130;187;317;50
88;98;199;297;50
89;91;161;252;50
90;63;151;214;50
91;65;129;194;50
92;41;92;133;50
93;23;69;92;50
94;26;73;99;50
95;20;68;88;50
96;17;36;53;50
97;10;24;34;50
98;5;24;29;50
99;1;11;12;50
0;340;332;672;49
1;326;346;672;49
2;373;379;752;49
3;422;348;770;49
4;447;405;852;49
5;491;458;949;49
6;486;484;970;49
7;535;472;1007;49
8;517;553;1070;49
9;588;549;1137;49
10;565;554;1119;49
11;544;539;1083;49
12;575;562;1137;49
13;598;569;1167;49
14;584;596;1180;49
15;593;614;1207;49
16;580;588;1168;49
17;602;611;1213;49
18;632;560;1192;49
19;524;482;1006;49
20;466;412;878;49
21;406;310;716;49
22;251;246;497;49
23;245;217;462;49
24;227;214;441;49
25;231;213;444;49
26;210;274;484;49
27;242;251;493;49
28;244;262;506;49
29;252;291;543;49
30;271;299;570;49
31;224;323;547;49
32;250;300;550;49
33;273;324;597;49
34;298;373;671;49
35;346;375;721;49
36;391;413;804;49
37;401;435;836;49
38;401;471;872;49
39;437;517;954;49
40;480;550;1030;49
41;526;573;1099;49
42;542;581;1123;49
43;571;615;1186;49
44;645;661;1306;49
45;531;666;1197;49
46;604;625;1229;49
47;610;677;1287;49
48;676;707;1383;49
49;686;725;1411;49
50;671;755;1426;49
51;652;690;1342;49
52;627;681;1308;49
53;586;632;1218;49
54;574;606;1180;49
55;593;583;1176;49
56;560;518;1078;49
57;502;522;1024;49
58;553;553;1106;49
59;505;513;1018;49
60;509;544;1053;49
61;540;509;1049;49
62;423;536;959;49
63;507;539;1046;49
64;476;534;1010;49
65;514;597;1111;49
66;482;610;1092;49
67;538;648;1186;49
68;567;665;1232;49
69;622;675;1297;49
70;601;627;1228;49
71;543;679;1222;49
72;481;602;1083;49
73;428;534;962;49
74;401;419;820;49
75;340;456;796;49
76;317;411;728;49
77;342;362;704;49
78;256;333;589;49
79;229;313;542;49
80;230;290;520;49
81;233;276;509;49
82;172;256;428;49
83;146;230;376;49
84;138;191;329;49
85;128;169;297;49
86;103;176;279;49
87;97;149;246;49
88;78;150;228;49
89;56;123;179;49
90;59;101;160;49
91;40;97;137;49
92;36;82;118;49
93;23;58;81;49
94;12;40;52;49
95;13;38;51;49
96;10;23;33;49
97;4;21;25;49
98;2;18;20;49
99;1;9;10;49
0;341;319;660;48
1;375;348;723;48
2;327;344;671;48
3;381;400;781;48
4;399;399;798;48
5;439;457;896;48
6;499;427;926;48
7;530;493;1023;48
8;519;482;1001;48
9;561;507;1068;48
10;561;518;1079;48
11;549;536;1085;48
12;609;555;1164;48
13;589;524;1113;48
14;592;543;1135;48
15;613;593;1206;48
16;577;565;1142;48
17;643;578;1221;48
18;623;562;1185;48
19;615;561;1176;48
20;566;457;1023;48
21;520;446;966;48
22;439;379;818;48
23;393;327;720;48
24;400;320;720;48
25;371;342;713;48
26;369;322;691;48
27;373;336;709;48
28;358;336;694;48
29;349;328;677;48
30;346;343;689;48
31;327;315;642;48
32;314;351;665;48
33;311;360;671;48
34;352;363;715;48
35;393;415;808;48
36;394;442;836;48
37;444;449;893;48
38;470;487;957;48
39;487;549;1036;48
40;493;588;1081;48
41;567;595;1162;48
42;603;640;1243;48
43;630;686;1316;48
44;635;699;1334;48
45;624;645;1269;48
46;605;644;1249;48
47;705;697;1402;48
48;757;761;1518;48
49;802;832;1634;48
50;827;816;1643;48
51;773;759;1532;48
52;736;696;1432;48
53;681;691;1372;48
54;674;685;1359;48
55;715;656;1371;48
56;565;668;1233;48
57;643;643;1286;48
58;639;599;1238;48
59;620;637;1257;48
60;600;665;1265;48
61;609;593;1202;48
62;555;630;1185;48
63;567;616;1183;48
64;578;599;1177;48
65;588;635;1223;48
66;612;647;1259;48
67;622;746;1368;48
68;707;775;1482;48
69;733;793;1526;48
70;712;758;1470;48
71;675;750;1425;48
72;579;618;1197;48
73;523;603;1126;48
74;475;476;951;48
75;440;490;930;48
76;397;434;831;48
77;399;399;798;48
78;332;389;721;48
79;261;317;578;48
80;265;305;570;48
81;206;296;502;48
82;201;255;456;48
83;168;211;379;48
84;156;225;381;48
85;120;171;291;48
86;112;173;285;48
87;83;158;241;48
88;76;142;218;48
89;69;115;184;48
90;40;108;148;48
91;37;102;139;48
92;37;73;110;48
93;18;50;68;48
94;15;49;64;48
95;8;39;47;48
96;9;30;39;48
97;4;23;27;48
98;1;10;11;48
99;3;14;17;48
0;502;454;956;47
1;545;501;1046;47
2;586;506;1092;47
3;606;560;1166;47
4;641;603;1244;47
5;716;660;1376;47
6;735;718;1453;47
7;782;731;1513;47
8;793;788;1581;47
9;868;799;1667;47
10;855;823;1678;47
11;876;875;1751;47
12;867;800;1667;47
13;861;827;1688;47
14;901;815;1716;47
15;833;845;1678;47
16;831;815;1646;47
17;863;807;1670;47
18;840;783;1623;47
19;820;671;1491;47
20;760;609;1369;47
21;578;504;1082;47
22;529;409;938;47
23;507;368;875;47
24;457;363;820;47
25;455;387;842;47
26;448;415;863;47
27;462;433;895;47
28;429;435;864;47
29;444;437;881;47
30;450;461;911;47
31;444;412;856;47
32;460;520;980;47
33;457;540;997;47
34;517;533;1050;47
35;607;589;1196;47
36;644;692;1336;47
37;634;735;1369;47
38;655;717;1372;47
39;761;817;1578;47
40;856;953;1809;47
41;890;940;1830;47
42;912;955;1867;47
43;987;1034;2021;47
44;948;1004;1952;47
45;903;932;1835;47
46;891;940;1831;47
47;1061;971;2032;47
48;1105;1033;2138;47
49;1089;1046;2135;47
50;1094;1069;2163;47
51;1057;1035;2092;47
52;1021;1036;2057;47
53;971;885;1856;47
54;897;874;1771;47
55;850;841;1691;47
56;805;797;1602;47
57;816;787;1603;47
58;752;779;1531;47
59;757;769;1526;47
60;701;740;1441;47
61;696;745;1441;47
62;741;806;1547;47
63;671;768;1439;47
64;703;771;1474;47
65;758;817;1575;47
66;741;787;1528;47
67;804;885;1689;47
68;879;905;1784;47
69;946;953;1899;47
70;837;957;1794;47
71;836;859;1695;47
72;778;793;1571;47
73;689;721;1410;47
74;591;633;1224;47
75;608;589;1197;47
76;534;542;1076;47
77;437;478;915;47
78;404;447;851;47
79;379;415;794;47
80;327;364;691;47
81;266;295;561;47
82;220;292;512;47
83;209;260;469;47
84;179;221;400;47
85;135;208;343;47
86;127;177;304;47
87;93;179;272;47
88;81;153;234;47
89;60;117;177;47
90;56;92;148;47
91;35;72;107;47
92;30;69;99;47
93;25;45;70;47
94;13;42;55;47
95;6;25;31;47
96;2;32;34;47
97;6;18;24;47
98;4;12;16;47
99;7;10;17;47
0;542;541;1083;46
1;604;541;1145;46
2;606;593;1199;46
3;665;615;1280;46
4;613;625;1238;46
5;716;637;1353;46
6;680;667;1347;46
7;731;684;1415;46
8;682;620;1302;46
9;747;678;1425;46
10;644;637;1281;46
11;702;658;1360;46
12;731;670;1401;46
13;690;661;1351;46
14;688;622;1310;46
15;740;655;1395;46
16;653;672;1325;46
17;716;662;1378;46
18;702;623;1325;46
19;693;640;1333;46
20;683;661;1344;46
21;656;555;1211;46
22;582;559;1141;46
23;575;491;1066;46
24;550;475;1025;46
25;503;472;975;46
26;468;457;925;46
27;529;497;1026;46
28;485;502;987;46
29;508;553;1061;46
30;550;550;1100;46
31;466;490;956;46
32;556;509;1065;46
33;563;573;1136;46
34;549;566;1115;46
35;610;696;1306;46
36;606;645;1251;46
37;657;703;1360;46
38;646;697;1343;46
39;660;727;1387;46
40;760;810;1570;46
41;784;764;1548;46
42;719;789;1508;46
43;706;748;1454;46
44;813;771;1584;46
45;720;757;1477;46
46;741;762;1503;46
47;736;808;1544;46
48;851;837;1688;46
49;887;946;1833;46
50;884;899;1783;46
51;821;830;1651;46
52;838;826;1664;46
53;780;747;1527;46
54;707;683;1390;46
55;697;680;1377;46
56;692;663;1355;46
57;657;698;1355;46
58;654;630;1284;46
59;595;583;1178;46
60;588;589;1177;46
61;572;619;1191;46
62;542;582;1124;46
63;564;604;1168;46
64;490;584;1074;46
65;526;590;1116;46
66;521;537;1058;46
67;541;608;1149;46
68;544;676;1220;46
69;598;632;1230;46
70;527;651;1178;46
71;516;646;1162;46
72;527;579;1106;46
73;494;575;1069;46
74;409;549;958;46
75;374;559;933;46
76;373;490;863;46
77;370;472;842;46
78;346;441;787;46
79;293;435;728;46
80;273;365;638;46
81;237;325;562;46
82;223;298;521;46
83;203;280;483;46
84;158;221;379;46
85;135;206;341;46
86;101;217;318;46
87;109;196;305;46
88;81;156;237;46
89;68;160;228;46
90;70;121;191;46
91;31;103;134;46
92;40;80;120;46
93;24;72;96;46
94;18;55;73;46
95;12;52;64;46
96;10;29;39;46
97;6;22;28;46
98;0;17;17;46
99;2;7;9;46
0;685;621;1306;45
1;715;665;1380;45
2;692;629;1321;45
3;708;700;1408;45
4;713;690;1403;45
5;774;754;1528;45
6;778;697;1475;45
7;793;734;1527;45
8;771;754;1525;45
9;802;690;1492;45
10;714;728;1442;45
11;702;686;1388;45
12;718;656;1374;45
13;765;676;1441;45
14;766;705;1471;45
15;731;682;1413;45
16;757;715;1472;45
17;733;658;1391;45
18;746;685;1431;45
19;733;776;1509;45
20;832;752;1584;45
21;811;711;1522;45
22;757;750;1507;45
23;782;702;1484;45
24;667;683;1350;45
25;690;673;1363;45
26;735;623;1358;45
27;674;680;1354;45
28;683;654;1337;45
29;711;701;1412;45
30;669;734;1403;45
31;655;660;1315;45
32;676;672;1348;45
33;710;680;1390;45
34;726;725;1451;45
35;695;796;1491;45
36;814;708;1522;45
37;798;800;1598;45
38;803;774;1577;45
39;841;783;1624;45
40;843;845;1688;45
41;793;853;1646;45
42;809;812;1621;45
43;844;785;1629;45
44;812;764;1576;45
45;791;793;1584;45
46;773;748;1521;45
47;826;831;1657;45
48;857;837;1694;45
49;893;830;1723;45
50;878;869;1747;45
51;848;805;1653;45
52;857;782;1639;45
53;690;756;1446;45
54;728;650;1378;45
55;740;693;1433;45
56;605;667;1272;45
57;629;605;1234;45
58;585;596;1181;45
59;596;645;1241;45
60;625;620;1245;45
61;555;592;1147;45
62;582;586;1168;45
63;527;602;1129;45
64;556;550;1106;45
65;538;645;1183;45
66;557;622;1179;45
67;579;708;1287;45
68;631;701;1332;45
69;699;735;1434;45
70;689;741;1430;45
71;591;682;1273;45
72;553;638;1191;45
73;504;575;1079;45
74;425;466;891;45
75;438;457;895;45
76;342;415;757;45
77;297;406;703;45
78;282;329;611;45
79;257;285;542;45
80;209;279;488;45
81;188;248;436;45
82;174;208;382;45
83;168;198;366;45
84;126;161;287;45
85;94;164;258;45
86;89;124;213;45
87;76;98;174;45
88;62;109;171;45
89;52;88;140;45
90;30;86;116;45
91;28;40;68;45
92;16;61;77;45
93;12;35;47;45
94;15;25;40;45
95;6;24;30;45
96;5;17;22;45
97;2;7;9;45
98;1;11;12;45
99;0;4;4;45
0;639;615;1254;44
1;675;582;1257;44
2;659;620;1279;44
3;700;639;1339;44
4;726;643;1369;44
5;889;810;1699;44
6;823;770;1593;44
7;883;835;1718;44
8;844;832;1676;44
9;906;920;1826;44
10;914;901;1815;44
11;955;838;1793;44
12;927;886;1813;44
13;929;861;1790;44
14;864;868;1732;44
15;961;910;1871;44
16;959;847;1806;44
17;937;879;1816;44
18;977;932;1909;44
19;978;831;1809;44
20;985;818;1803;44
21;802;669;1471;44
22;654;573;1227;44
23;632;467;1099;44
24;533;506;1039;44
25;557;502;1059;44
26;570;487;1057;44
27;518;489;1007;44
28;524;522;1046;44
29;534;600;1134;44
30;542;546;1088;44
31;535;615;1150;44
32;548;637;1185;44
33;626;640;1266;44
34;602;607;1209;44
35;676;736;1412;44
36;735;730;1465;44
37;716;835;1551;44
38;796;833;1629;44
39;766;918;1684;44
40;889;1039;1928;44
41;1036;994;2030;44
42;969;1037;2006;44
43;1056;1164;2220;44
44;1093;1164;2257;44
45;999;1081;2080;44
46;988;1061;2049;44
47;1086;1110;2196;44
48;1129;1150;2279;44
49;1269;1266;2535;44
50;1185;1140;2325;44
51;1124;1079;2203;44
52;1062;1015;2077;44
53;978;974;1952;44
54;926;937;1863;44
55;887;845;1732;44
56;775;841;1616;44
57;786;786;1572;44
58;789;782;1571;44
59;750;724;1474;44
60;756;806;1562;44
61;718;733;1451;44
62;728;749;1477;44
63;684;764;1448;44
64;729;763;1492;44
65;725;850;1575;44
66;702;888;1590;44
67;807;877;1684;44
68;904;1047;1951;44
69;958;1070;2028;44
70;880;1006;1886;44
71;882;992;1874;44
72;875;876;1751;44
73;690;760;1450;44
74;594;623;1217;44
75;501;609;1110;44
76;506;560;1066;44
77;443;475;918;44
78;427;467;894;44
79;379;402;781;44
80;316;340;656;44
81;241;289;530;44
82;227;288;515;44
83;193;248;441;44
84;153;228;381;44
85;140;183;323;44
86;114;179;293;44
87;104;151;255;44
88;90;134;224;44
89;63;127;190;44
90;51;104;155;44
91;57;89;146;44
92;30;86;116;44
93;17;67;84;44
94;12;50;62;44
95;16;28;44;44
96;6;23;29;44
97;8;16;24;44
98;1;19;20;44
99;1;11;12;44
0;547;534;1081;43
1;598;573;1171;43
2;574;582;1156;43
3;639;641;1280;43
4;682;655;1337;43
5;800;738;1538;43
6;778;794;1572;43
7;821;804;1625;43
8;876;802;1678;43
9;935;876;1811;43
10;835;880;1715;43
11;913;838;1751;43
12;868;847;1715;43
13;862;838;1700;43
14;840;862;1702;43
15;911;877;1788;43
16;876;817;1693;43
17;929;837;1766;43
18;929;802;1731;43
19;913;939;1852;43
20;922;813;1735;43
21;977;834;1811;43
22;831;675;1506;43
23;773;653;1426;43
24;706;612;1318;43
25;668;597;1265;43
26;595;595;1190;43
27;627;524;1151;43
28;614;500;1114;43
29;578;525;1103;43
30;548;553;1101;43
31;560;547;1107;43
32;537;554;1091;43
33;579;569;1148;43
34;561;585;1146;43
35;639;653;1292;43
36;665;731;1396;43
37;702;751;1453;43
38;776;759;1535;43
39;797;865;1662;43
40;905;1017;1922;43
41;955;980;1935;43
42;967;1002;1969;43
43;978;1053;2031;43
44;992;988;1980;43
45;928;960;1888;43
46;926;1004;1930;43
47;1006;1012;2018;43
48;1110;1094;2204;43
49;1133;1171;2304;43
50;1061;1097;2158;43
51;1083;1044;2127;43
52;1011;1024;2035;43
53;906;888;1794;43
54;897;880;1777;43
55;906;832;1738;43
56;802;824;1626;43
57;808;843;1651;43
58;786;804;1590;43
59;769;815;1584;43
60;806;782;1588;43
61;732;770;1502;43
62;728;811;1539;43
63;686;718;1404;43
64;717;778;1495;43
65;737;823;1560;43
66;725;818;1543;43
67;779;767;1546;43
68;817;909;1726;43
69;849;952;1801;43
70;811;854;1665;43
71;752;834;1586;43
72;684;750;1434;43
73;618;683;1301;43
74;516;598;1114;43
75;491;569;1060;43
76;449;519;968;43
77;440;451;891;43
78;390;452;842;43
79;340;393;733;43
80;311;397;708;43
81;271;373;644;43
82;237;329;566;43
83;187;296;483;43
84;165;266;431;43
85;155;216;371;43
86;115;206;321;43
87;120;172;292;43
88;85;166;251;43
89;79;142;221;43
90;51;152;203;43
91;42;101;143;43
92;42;94;136;43
93;23;50;73;43
94;16;76;92;43
95;10;45;55;43
96;11;32;43;43
97;9;31;40;43
98;2;18;20;43
99;2;11;13;43
0;548;529;1077;42
1;542;517;1059;42
2;548;538;1086;42
3;598;567;1165;42
4;600;622;1222;42
5;693;642;1335;42
6;750;644;1394;42
7;752;719;1471;42
8;772;698;1470;42
9;720;684;1404;42
10;785;738;1523;42
11;781;717;1498;42
12;783;712;1495;42
13;839;758;1597;42
14;820;781;1601;42
15;790;759;1549;42
16;852;803;1655;42
17;823;780;1603;42
18;810;786;1596;42
19;821;729;1550;42
20;792;661;1453;42
21;765;570;1335;42
22;628;528;1156;42
23;622;517;1139;42
24;568;515;1083;42
25;558;501;1059;42
26;576;543;1119;42
27;605;483;1088;42
28;513;514;1027;42
29;514;540;1054;42
30;540;555;1095;42
31;580;508;1088;42
32;557;569;1126;42
33;544;546;1090;42
34;560;571;1131;42
35;599;632;1231;42
36;611;672;1283;42
37;707;719;1426;42
38;682;690;1372;42
39;709;709;1418;42
40;837;846;1683;42
41;802;814;1616;42
42;851;869;1720;42
43;891;894;1785;42
44;851;913;1764;42
45;816;885;1701;42
46;888;842;1730;42
47;913;884;1797;42
48;972;974;1946;42
49;1114;1030;2144;42
50;993;1013;2006;42
51;1023;1008;2031;42
52;940;982;1922;42
53;926;917;1843;42
54;848;915;1763;42
55;940;911;1851;42
56;880;919;1799;42
57;873;911;1784;42
58;880;919;1799;42
59;838;941;1779;42
60;852;880;1732;42
61;869;860;1729;42
62;936;912;1848;42
63;945;1031;1976;42
64;859;919;1778;42
65;916;923;1839;42
66;935;933;1868;42
67;922;1000;1922;42
68;1043;1029;2072;42
69;1132;1065;2197;42
70;900;996;1896;42
71;883;902;1785;42
72;783;813;1596;42
73;727;727;1454;42
74;591;667;1258;42
75;586;599;1185;42
76;561;539;1100;42
77;514;542;1056;42
78;472;505;977;42
79;422;449;871;42
80;338;402;740;42
81;298;405;703;42
82;268;356;624;42
83;204;327;531;42
84;207;295;502;42
85;200;237;437;42
86;164;202;366;42
87;141;229;370;42
88;108;205;313;42
89;102;189;291;42
90;79;167;246;42
91;62;135;197;42
92;35;107;142;42
93;30;87;117;42
94;29;71;100;42
95;20;57;77;42
96;9;35;44;42
97;4;26;30;42
98;5;20;25;42
99;4;16;20;42
0;392;408;800;41
1;417;356;773;41
2;360;365;725;41
3;400;374;774;41
4;390;406;796;41
5;438;419;857;41
6;439;404;843;41
7;470;434;904;41
8;461;417;878;41
9;517;408;925;41
10;483;493;976;41
11;482;415;897;41
12;514;434;948;41
13;500;428;928;41
14;497;475;972;41
15;522;500;1022;41
16;501;482;983;41
17;548;526;1074;41
18;549;524;1073;41
19;589;527;1116;41
20;573;565;1138;41
21;533;579;1112;41
22;571;534;1105;41
23;522;490;1012;41
24;522;484;1006;41
25;500;455;955;41
26;465;455;920;41
27;456;424;880;41
28;453;417;870;41
29;448;379;827;41
30;432;367;799;41
31;401;376;777;41
32;382;401;783;41
33;395;438;833;41
34;416;398;814;41
35;429;450;879;41
36;443;436;879;41
37;434;473;907;41
38;483;419;902;41
39;498;519;1017;41
40;551;533;1084;41
41;559;576;1135;41
42;510;563;1073;41
43;549;560;1109;41
44;590;543;1133;41
45;602;553;1155;41
46;537;529;1066;41
47;528;567;1095;41
48;616;633;1249;41
49;649;656;1305;41
50;634;611;1245;41
51;666;610;1276;41
52;577;602;1179;41
53;600;567;1167;41
54;564;568;1132;41
55;571;545;1116;41
56;515;538;1053;41
57;508;494;1002;41
58;558;524;1082;41
59;545;544;1089;41
60;522;531;1053;41
61;511;506;1017;41
62;505;540;1045;41
63;491;497;988;41
64;496;488;984;41
65;535;495;1030;41
66;461;554;1015;41
67;509;507;1016;41
68;516;537;1053;41
69;563;569;1132;41
70;540;565;1105;41
71;477;528;1005;41
72;433;477;910;41
73;390;427;817;41
74;330;374;704;41
75;311;363;674;41
76;307;334;641;41
77;263;339;602;41
78;222;274;496;41
79;213;262;475;41
80;221;250;471;41
81;161;222;383;41
82;142;190;332;41
83;138;227;365;41
84;120;216;336;41
85;126;168;294;41
86;103;145;248;41
87;79;118;197;41
88;63;115;178;41
89;57;108;165;41
90;53;98;151;41
91;47;84;131;41
92;29;82;111;41
93;19;68;87;41
94;10;37;47;41
95;9;37;46;41
96;7;22;29;41
97;2;14;16;41
98;3;14;17;41
99;2;10;12;41
0;377;335;712;40
1;374;351;725;40
2;375;369;744;40
3;405;398;803;40
4;425;414;839;40
5;500;461;961;40
6;512;482;994;40
7;570;493;1063;40
8;579;544;1123;40
9;598;541;1139;40
10;565;542;1107;40
11;598;546;1144;40
12;545;550;1095;40
13;523;487;1010;40
14;588;540;1128;40
15;582;540;1122;40
16;569;566;1135;40
17;539;529;1068;40
18;586;513;1099;40
19;576;492;1068;40
20;554;457;1011;40
21;472;408;880;40
22;433;330;763;40
23;447;360;807;40
24;360;294;654;40
25;411;331;742;40
26;395;342;737;40
27;371;314;685;40
28;385;342;727;40
29;381;366;747;40
30;409;371;780;40
31;375;362;737;40
32;419;374;793;40
33;390;382;772;40
34;398;438;836;40
35;471;461;932;40
36;508;516;1024;40
37;506;500;1006;40
38;530;513;1043;40
39;616;591;1207;40
40;620;623;1243;40
41;592;639;1231;40
42;615;627;1242;40
43;719;662;1381;40
44;663;634;1297;40
45;702;646;1348;40
46;654;629;1283;40
47;698;638;1336;40
48;697;711;1408;40
49;811;709;1520;40
50;707;631;1338;40
51;653;634;1287;40
52;639;666;1305;40
53;639;612;1251;40
54;621;583;1204;40
55;595;588;1183;40
56;603;579;1182;40
57;591;560;1151;40
58;583;545;1128;40
59;557;546;1103;40
60;532;523;1055;40
61;513;502;1015;40
62;491;500;991;40
63;495;547;1042;40
64;464;499;963;40
65;487;528;1015;40
66;514;487;1001;40
67;505;551;1056;40
68;527;516;1043;40
69;514;547;1061;40
70;490;513;1003;40
71;469;503;972;40
72;395;435;830;40
73;371;430;801;40
74;326;349;675;40
75;310;338;648;40
76;279;282;561;40
77;259;321;580;40
78;248;329;577;40
79;240;273;513;40
80;164;254;418;40
81;175;227;402;40
82;127;185;312;40
83;147;178;325;40
84;106;161;267;40
85;102;183;285;40
86;101;150;251;40
87;89;124;213;40
88;56;124;180;40
89;49;108;157;40
90;49;95;144;40
91;32;99;131;40
92;31;65;96;40
93;17;56;73;40
94;21;49;70;40
95;12;35;47;40
96;7;19;26;40
97;3;21;24;40
98;4;15;19;40
99;3;4;7;40
0;411;361;772;39
1;397;361;758;39
2;390;409;799;39
3;429;356;785;39
4;451;395;846;39
5;469;453;922;39
6;498;459;957;39
7;497;518;1015;39
8;499;497;996;39
9;541;528;1069;39
10;502;504;1006;39
11;538;491;1029;39
12;563;447;1010;39
13;509;527;1036;39
14;562;512;1074;39
15;586;541;1127;39
16;554;560;1114;39
17;598;518;1116;39
18;590;563;1153;39
19;536;560;1096;39
20;580;546;1126;39
21;514;505;1019;39
22;490;449;939;39
23;476;477;953;39
24;423;433;856;39
25;505;412;917;39
26;439;387;826;39
27;480;433;913;39
28;431;441;872;39
29;455;428;883;39
30;447;426;873;39
31;424;383;807;39
32;403;401;804;39
33;391;446;837;39
34;403;460;863;39
35;471;459;930;39
36;460;461;921;39
37;496;507;1003;39
38;478;489;967;39
39;533;524;1057;39
40;575;604;1179;39
41;538;583;1121;39
42;602;577;1179;39
43;590;580;1170;39
44;674;610;1284;39
45;593;605;1198;39
46;600;612;1212;39
47;626;656;1282;39
48;627;684;1311;39
49;719;674;1393;39
50;674;668;1342;39
51;701;703;1404;39
52;649;639;1288;39
53;599;627;1226;39
54;584;600;1184;39
55;577;583;1160;39
56;569;577;1146;39
57;585;606;1191;39
58;564;598;1162;39
59;569;615;1184;39
60;597;603;1200;39
61;583;579;1162;39
62;562;589;1151;39
63;559;603;1162;39
64;533;578;1111;39
65;571;552;1123;39
66;539;633;1172;39
67;581;584;1165;39
68;605;640;1245;39
69;619;639;1258;39
70;581;594;1175;39
71;527;536;1063;39
72;435;552;987;39
73;433;515;948;39
74;354;443;797;39
75;378;390;768;39
76;303;363;666;39
77;287;381;668;39
78;259;342;601;39
79;259;327;586;39
80;230;291;521;39
81;201;239;440;39
82;189;231;420;39
83;143;227;370;39
84;130;210;340;39
85;110;192;302;39
86;90;177;267;39
87;88;149;237;39
88;74;148;222;39
89;66;126;192;39
90;59;90;149;39
91;39;86;125;39
92;33;66;99;39
93;21;57;78;39
94;18;54;72;39
95;9;41;50;39
96;8;33;41;39
97;8;19;27;39
98;5;14;19;39
99;2;6;8;39
0;267;286;553;38
1;278;297;575;38
2;311;261;572;38
3;302;289;591;38
4;341;360;701;38
5;374;347;721;38
6;375;342;717;38
7;426;386;812;38
8;406;389;795;38
9;454;425;879;38
10;451;409;860;38
11;474;432;906;38
12;445;407;852;38
13;435;419;854;38
14;449;432;881;38
15;458;467;925;38
16;505;418;923;38
17;481;457;938;38
18;487;411;898;38
19;458;442;900;38
20;474;378;852;38
21;400;325;725;38
22;319;261;580;38
23;318;301;619;38
24;328;279;607;38
25;327;280;607;38
26;320;260;580;38
27;313;332;645;38
28;297;281;578;38
29;354;281;635;38
30;322;318;640;38
31;311;291;602;38
32;287;284;571;38
33;317;323;640;38
34;336;292;628;38
35;333;332;665;38
36;385;382;767;38
37;381;374;755;38
38;397;391;788;38
39;411;458;869;38
40;457;475;932;38
41;472;492;964;38
42;474;468;942;38
43;524;510;1034;38
44;535;516;1051;38
45;499;517;1016;38
46;491;471;962;38
47;530;502;1032;38
48;565;552;1117;38
49;655;626;1281;38
50;626;659;1285;38
51;564;590;1154;38
52;592;620;1212;38
53;542;543;1085;38
54;578;576;1154;38
55;561;547;1108;38
56;578;574;1152;38
57;573;577;1150;38
58;564;603;1167;38
59;552;542;1094;38
60;541;513;1054;38
61;512;561;1073;38
62;592;502;1094;38
63;562;533;1095;38
64;514;522;1036;38
65;553;551;1104;38
66;528;546;1074;38
67;567;537;1104;38
68;606;598;1204;38
69;609;603;1212;38
70;598;573;1171;38
71;517;511;1028;38
72;458;468;926;38
73;433;449;882;38
74;370;387;757;38
75;321;360;681;38
76;297;318;615;38
77;280;318;598;38
78;239;280;519;38
79;225;264;489;38
80;193;249;442;38
81;171;224;395;38
82;159;194;353;38
83;137;192;329;38
84;127;193;320;38
85;100;151;251;38
86;113;146;259;38
87;77;140;217;38
88;55;105;160;38
89;52;98;150;38
90;48;94;142;38
91;36;68;104;38
92;20;69;89;38
93;13;53;66;38
94;12;45;57;38
95;12;38;50;38
96;6;21;27;38
97;6;27;33;38
98;1;11;12;38
99;2;9;11;38
0;224;209;433;37
1;208;193;401;37
2;205;213;418;37
3;238;216;454;37
4;273;228;501;37
5;247;228;475;37
6;278;250;528;37
7;301;252;553;37
8;276;288;564;37
9;288;290;578;37
10;299;301;600;37
11;291;284;575;37
12;327;279;606;37
13;322;305;627;37
14;325;326;651;37
15;342;323;665;37
16;363;320;683;37
17;316;297;613;37
18;338;359;697;37
19;316;344;660;37
20;354;303;657;37
21;270;262;532;37
22;298;228;526;37
23;287;277;564;37
24;269;224;493;37
25;271;234;505;37
26;282;223;505;37
27;236;232;468;37
28;253;205;458;37
29;245;253;498;37
30;242;224;466;37
31;229;201;430;37
32;237;207;444;37
33;242;240;482;37
34;204;257;461;37
35;261;268;529;37
36;273;271;544;37
37;280;267;547;37
38;296;271;567;37
39;284;299;583;37
40;342;352;694;37
41;329;333;662;37
42;301;324;625;37
43;344;345;689;37
44;365;373;738;37
45;343;360;703;37
46;343;360;703;37
47;380;338;718;37
48;395;393;788;37
49;449;455;904;37
50;432;440;872;37
51;390;427;817;37
52;419;440;859;37
53;429;411;840;37
54;392;453;845;37
55;413;402;815;37
56;434;430;864;37
57;403;412;815;37
58;401;412;813;37
59;405;432;837;37
60;435;448;883;37
61;405;425;830;37
62;437;422;859;37
63;437;448;885;37
64;438;427;865;37
65;449;448;897;37
66;412;420;832;37
67;429;453;882;37
68;464;541;1005;37
69;481;476;957;37
70;445;465;910;37
71;460;472;932;37
72;392;421;813;37
73;348;375;723;37
74;335;320;655;37
75;290;298;588;37
76;262;308;570;37
77;258;297;555;37
78;235;263;498;37
79;210;249;459;37
80;182;200;382;37
81;152;223;375;37
82;167;211;378;37
83;124;191;315;37
84;110;162;272;37
85;92;146;238;37
86;95;140;235;37
87;75;127;202;37
88;55;113;168;37
89;55;110;165;37
90;44;73;117;37
91;33;77;110;37
92;25;73;98;37
93;20;41;61;37
94;20;45;65;37
95;11;32;43;37
96;5;22;27;37
97;5;12;17;37
98;2;15;17;37
99;3;10;13;37
0;207;205;412;36
1;225;211;436;36
2;213;185;398;36
3;255;223;478;36
4;214;258;472;36
5;262;257;519;36
6;264;245;509;36
7;271;258;529;36
8;293;274;567;36
9;287;282;569;36
10;288;294;582;36
11;302;301;603;36
12;297;289;586;36
13;278;267;545;36
14;326;288;614;36
15;318;330;648;36
16;338;342;680;36
17;361;308;669;36
18;341;304;645;36
19;314;280;594;36
20;337;235;572;36
21;251;212;463;36
22;238;184;422;36
23;239;188;427;36
24;252;200;452;36
25;234;198;432;36
26;252;197;449;36
27;227;208;435;36
28;230;199;429;36
29;237;193;430;36
30;220;199;419;36
31;266;215;481;36
32;222;221;443;36
33;255;231;486;36
34;255;225;480;36
35;266;266;532;36
36;285;237;522;36
37;290;273;563;36
38;286;305;591;36
39;332;283;615;36
40;326;332;658;36
41;348;311;659;36
42;332;321;653;36
43;348;364;712;36
44;412;349;761;36
45;347;327;674;36
46;386;348;734;36
47;366;375;741;36
48;470;398;868;36
49;490;446;936;36
50;494;440;934;36
51;446;430;876;36
52;484;464;948;36
53;419;463;882;36
54;487;441;928;36
55;497;447;944;36
56;492;475;967;36
57;438;471;909;36
58;525;454;979;36
59;502;504;1006;36
60;467;491;958;36
61;486;460;946;36
62;452;467;919;36
63;483;491;974;36
64;477;481;958;36
65;483;471;954;36
66;491;490;981;36
67;520;490;1010;36
68;527;487;1014;36
69;576;503;1079;36
70;512;476;988;36
71;477;453;930;36
72;426;408;834;36
73;383;375;758;36
74;348;355;703;36
75;317;333;650;36
76;296;289;585;36
77;283;301;584;36
78;243;294;537;36
79;227;279;506;36
80;194;252;446;36
81;166;213;379;36
82;149;205;354;36
83;143;195;338;36
84;135;164;299;36
85;131;185;316;36
86;100;150;250;36
87;74;157;231;36
88;70;124;194;36
89;48;136;184;36
90;50;105;155;36
91;34;86;120;36
92;30;66;96;36
93;24;37;61;36
94;18;41;59;36
95;6;31;37;36
96;5;23;28;36
97;5;15;20;36
98;2;12;14;36
99;3;6;9;36
0;238;216;454;35
1;239;232;471;35
2;268;223;491;35
3;290;272;562;35
4;276;273;549;35
5;337;289;626;35
6;324;325;649;35
7;330;267;597;35
8;326;332;658;35
9;346;310;656;35
10;376;308;684;35
11;345;330;675;35
12;350;342;692;35
13;345;323;668;35
14;364;366;730;35
15;370;375;745;35
16;388;399;787;35
17;426;375;801;35
18;422;408;830;35
19;494;402;896;35
20;455;367;822;35
21;400;300;700;35
22;389;262;651;35
23;364;258;622;35
24;341;281;622;35
25;319;238;557;35
26;298;266;564;35
27;271;223;494;35
28;260;220;480;35
29;304;230;534;35
30;260;260;520;35
31;262;249;511;35
32;246;239;485;35
33;275;254;529;35
34;273;263;536;35
35;296;307;603;35
36;318;281;599;35
37;328;327;655;35
38;298;294;592;35
39;332;347;679;35
40;351;388;739;35
41;374;386;760;35
42;336;343;679;35
43;397;435;832;35
44;407;392;799;35
45;379;362;741;35
46;391;409;800;35
47;384;409;793;35
48;457;445;902;35
49;457;475;932;35
50;487;456;943;35
51;435;492;927;35
52;450;487;937;35
53;461;484;945;35
54;435;478;913;35
55;491;548;1039;35
56;456;450;906;35
57;473;484;957;35
58;483;535;1018;35
59;484;552;1036;35
60;512;511;1023;35
61;513;517;1030;35
62;551;534;1085;35
63;510;510;1020;35
64;467;449;916;35
65;474;467;941;35
66;517;487;1004;35
67;512;517;1029;35
68;557;512;1069;35
69;486;594;1080;35
70;502;502;1004;35
71;429;438;867;35
72;442;418;860;35
73;374;431;805;35
74;326;332;658;35
75;295;354;649;35
76;288;308;596;35
77;236;331;567;35
78;238;285;523;35
79;227;287;514;35
80;209;251;460;35
81;209;238;447;35
82;154;213;367;35
83;159;193;352;35
84;127;218;345;35
85;131;177;308;35
86;80;159;239;35
87;91;142;233;35
88;74;130;204;35
89;70;134;204;35
90;49;108;157;35
91;38;88;126;35
92;38;92;130;35
93;35;65;100;35
94;22;50;72;35
95;6;59;65;35
96;8;22;30;35
97;6;27;33;35
98;3;21;24;35
99;5;11;16;35
0;434;381;815;34
1;434;392;826;34
2;449;425;874;34
3;482;471;953;34
4;502;432;934;34
5;560;510;1070;34
6;557;531;1088;34
7;644;576;1220;34
8;607;555;1162;34
9;589;598;1187;34
10;550;575;1125;34
11;579;617;1196;34
12;598;564;1162;34
13;552;540;1092;34
14;567;591;1158;34
15;630;628;1258;34
16;608;632;1240;34
17;618;589;1207;34
18;660;661;1321;34
19;629;555;1184;34
20;634;466;1100;34
21;481;352;833;34
22;422;349;771;34
23;380;326;706;34
24;360;329;689;34
25;324;335;659;34
26;368;336;704;34
27;331;364;695;34
28;390;372;762;34
29;378;421;799;34
30;433;388;821;34
31;381;437;818;34
32;430;382;812;34
33;446;458;904;34
34;459;441;900;34
35;509;516;1025;34
36;465;508;973;34
37;540;559;1099;34
38;579;525;1104;34
39;586;576;1162;34
40;605;690;1295;34
41;571;625;1196;34
42;645;610;1255;34
43;627;662;1289;34
44;683;704;1387;34
45;692;626;1318;34
46;675;650;1325;34
47;677;684;1361;34
48;740;735;1475;34
49;787;777;1564;34
50;780;716;1496;34
51;778;746;1524;34
52;712;753;1465;34
53;720;701;1421;34
54;676;622;1298;34
55;642;626;1268;34
56;639;608;1247;34
57;647;632;1279;34
58;611;656;1267;34
59;648;667;1315;34
60;630;660;1290;34
61;637;564;1201;34
62;620;581;1201;34
63;627;565;1192;34
64;592;609;1201;34
65;620;621;1241;34
66;634;587;1221;34
67;598;665;1263;34
68;626;685;1311;34
69;648;645;1293;34
70;664;642;1306;34
71;610;645;1255;34
72;515;526;1041;34
73;504;494;998;34
74;428;493;921;34
75;390;446;836;34
76;368;403;771;34
77;389;364;753;34
78;318;396;714;34
79;302;359;661;34
80;267;344;611;34
81;235;317;552;34
82;202;259;461;34
83;183;269;452;34
84;169;214;383;34
85;129;213;342;34
86;147;205;352;34
87;111;195;306;34
88;95;193;288;34
89;82;130;212;34
90;75;138;213;34
91;48;115;163;34
92;39;75;114;34
93;37;63;100;34
94;20;59;79;34
95;21;46;67;34
96;9;25;34;34
97;6;18;24;34
98;2;16;18;34
99;3;16;19;34
0;281;279;560;33
1;268;270;538;33
2;277;309;586;33
3;345;290;635;33
4;351;324;675;33
5;407;338;745;33
6;381;344;725;33
7;418;374;792;33
8;428;382;810;33
9;450;414;864;33
10;446;393;839;33
11;436;410;846;33
12;438;440;878;33
13;425;435;860;33
14;480;459;939;33
15;465;472;937;33
16;454;492;946;33
17;466;462;928;33
18;479;398;877;33
19;485;407;892;33
20;413;337;750;33
21;386;306;692;33
22;347;234;581;33
23;291;188;479;33
24;289;256;545;33
25;287;214;501;33
26;302;229;531;33
27;289;244;533;33
28;267;272;539;33
29;283;256;539;33
30;285;262;547;33
31;297;285;582;33
32;279;267;546;33
33;322;288;610;33
34;287;333;620;33
35;337;388;725;33
36;372;342;714;33
37;379;390;769;33
38;358;381;739;33
39;435;405;840;33
40;453;462;915;33
41;423;451;874;33
42;458;425;883;33
43;483;462;945;33
44;478;498;976;33
45;488;477;965;33
46;503;496;999;33
47;554;513;1067;33
48;526;547;1073;33
49;622;575;1197;33
50;608;613;1221;33
51;545;547;1092;33
52;574;558;1132;33
53;547;486;1033;33
54;530;554;1084;33
55;553;537;1090;33
56;510;498;1008;33
57;510;522;1032;33
58;454;497;951;33
59;493;505;998;33
60;534;494;1028;33
61;481;501;982;33
62;489;504;993;33
63;515;460;975;33
64;477;447;924;33
65;467;484;951;33
66;493;512;1005;33
67;547;490;1037;33
68;559;563;1122;33
69;553;549;1102;33
70;525;508;1033;33
71;463;455;918;33
72;407;473;880;33
73;375;409;784;33
74;335;345;680;33
75;347;302;649;33
76;300;318;618;33
77;324;302;626;33
78;254;282;536;33
79;237;249;486;33
80;228;242;470;33
81;221;242;463;33
82;173;204;377;33
83;173;238;411;33
84;124;172;296;33
85;136;159;295;33
86;101;151;252;33
87;109;161;270;33
88;77;130;207;33
89;69;104;173;33
90;49;98;147;33
91;42;84;126;33
92;30;97;127;33
93;27;64;91;33
94;16;52;68;33
95;12;29;41;33
96;4;34;38;33
97;4;17;21;33
98;1;8;9;33
99;2;12;14;33
0;814;829;1643;32
1;860;768;1628;32
2;855;779;1634;32
3;852;745;1597;32
4;856;817;1673;32
5;914;853;1767;32
6;884;852;1736;32
7;984;901;1885;32
8;976;871;1847;32
9;888;878;1766;32
10;884;841;1725;32
11;862;871;1733;32
12;888;864;1752;32
13;872;814;1686;32
14;849;866;1715;32
15;933;885;1818;32
16;938;848;1786;32
17;917;837;1754;32
18;924;966;1890;32
19;1031;926;1957;32
20;1164;1091;2255;32
21;1176;1143;2319;32
22;1150;1002;2152;32
23;1102;1007;2109;32
24;1074;956;2030;32
25;987;909;1896;32
26;942;866;1808;32
27;931;899;1830;32
28;872;853;1725;32
29;816;821;1637;32
30;768;810;1578;32
31;784;818;1602;32
32;773;748;1521;32
33;807;734;1541;32
34;795;778;1573;32
35;874;859;1733;32
36;872;825;1697;32
37;832;961;1793;32
38;801;868;1669;32
39;911;943;1854;32
40;953;979;1932;32
41;953;931;1884;32
42;967;1047;2014;32
43;975;1076;2051;32
44;1036;1034;2070;32
45;923;978;1901;32
46;921;926;1847;32
47;975;977;1952;32
48;1044;990;2034;32
49;1056;1074;2130;32
50;934;1128;2062;32
51;1058;1005;2063;32
52;1014;952;1966;32
53;969;929;1898;32
54;963;905;1868;32
55;908;868;1776;32
56;898;920;1818;32
57;848;929;1777;32
58;892;887;1779;32
59;901;899;1800;32
60;886;934;1820;32
61;769;894;1663;32
62;797;836;1633;32
63;777;802;1579;32
64;790;792;1582;32
65;779;854;1633;32
66;748;811;1559;32
67;787;924;1711;32
68;775;943;1718;32
69;837;911;1748;32
70;812;929;1741;32
71;769;825;1594;32
72;667;795;1462;32
73;631;698;1329;32
74;585;631;1216;32
75;468;598;1066;32
76;471;586;1057;32
77;468;534;1002;32
78;448;544;992;32
79;397;440;837;32
80;338;442;780;32
81;287;383;670;32
82;287;391;678;32
83;227;358;585;32
84;211;311;522;32
85;178;312;490;32
86;156;276;432;32
87;152;248;400;32
88;115;197;312;32
89;108;200;308;32
90;79;186;265;32
91;48;158;206;32
92;42;116;158;32
93;25;85;110;32
94;25;72;97;32
95;17;61;78;32
96;13;26;39;32
97;5;33;38;32
98;5;23;28;32
99;0;11;11;32
0;292;313;605;31
1;282;246;528;31
2;198;219;417;31
3;209;214;423;31
4;209;190;399;31
5;188;205;393;31
6;198;207;405;31
7;178;204;382;31
8;192;185;377;31
9;168;189;357;31
10;149;170;319;31
11;166;144;310;31
12;154;125;279;31
13;162;140;302;31
14;137;139;276;31
15;152;179;331;31
16;163;171;334;31
17;186;180;366;31
18;238;260;498;31
19;291;429;720;31
20;563;806;1369;31
21;875;1183;2058;31
22;1084;1338;2422;31
23;1179;1359;2538;31
24;1213;1249;2462;31
25;1130;1104;2234;31
26;949;894;1843;31
27;813;713;1526;31
28;713;617;1330;31
29;629;522;1151;31
30;516;415;931;31
31;461;415;876;31
32;406;346;752;31
33;387;285;672;31
34;342;273;615;31
35;370;274;644;31
36;305;270;575;31
37;300;259;559;31
38;276;246;522;31
39;316;247;563;31
40;296;272;568;31
41;303;265;568;31
42;288;269;557;31
43;300;245;545;31
44;261;252;513;31
45;241;235;476;31
46;218;208;426;31
47;269;244;513;31
48;234;267;501;31
49;262;301;563;31
50;267;287;554;31
51;302;277;579;31
52;288;282;570;31
53;295;262;557;31
54;260;247;507;31
55;201;256;457;31
56;228;221;449;31
57;218;214;432;31
58;182;248;430;31
59;220;240;460;31
60;227;220;447;31
61;198;219;417;31
62;201;223;424;31
63;196;211;407;31
64;201;197;398;31
65;180;200;380;31
66;180;212;392;31
67;153;190;343;31
68;188;192;380;31
69;183;192;375;31
70;176;189;365;31
71;149;207;356;31
72;135;154;289;31
73;102;149;251;31
74;94;132;226;31
75;119;131;250;31
76;93;136;229;31
77;83;133;216;31
78;75;125;200;31
79;76;102;178;31
80;69;114;183;31
81;58;105;163;31
82;49;94;143;31
83;48;91;139;31
84;44;89;133;31
85;39;80;119;31
86;33;72;105;31
87;32;65;97;31
88;28;70;98;31
89;15;70;85;31
90;18;61;79;31
91;17;59;76;31
92;13;53;66;31
93;6;35;41;31
94;8;30;38;31
95;6;27;33;31
96;2;16;18;31
97;2;17;19;31
98;2;8;10;31
99;0;9;9;31
0;292;243;535;30
1;307;263;570;30
2;312;271;583;30
3;301;312;613;30
4;325;329;654;30
5;365;333;698;30
6;412;359;771;30
7;446;423;869;30
8;463;435;898;30
9;456;393;849;30
10;452;419;871;30
11;448;424;872;30
12;413;459;872;30
13;422;418;840;30
14;488;429;917;30
15;443;441;884;30
16;494;454;948;30
17;460;428;888;30
18;468;457;925;30
19;433;366;799;30
20;435;306;741;30
21;329;269;598;30
22;290;229;519;30
23;283;211;494;30
24;252;200;452;30
25;256;226;482;30
26;243;246;489;30
27;235;209;444;30
28;258;221;479;30
29;262;245;507;30
30;265;256;521;30
31;270;280;550;30
32;268;273;541;30
33;310;298;608;30
34;283;324;607;30
35;301;332;633;30
36;389;364;753;30
37;401;411;812;30
38;392;417;809;30
39;456;453;909;30
40;442;494;936;30
41;478;480;958;30
42;470;500;970;30
43;488;498;986;30
44;515;499;1014;30
45;565;465;1030;30
46;528;506;1034;30
47;551;490;1041;30
48;562;540;1102;30
49;597;594;1191;30
50;573;534;1107;30
51;574;525;1099;30
52;535;531;1066;30
53;476;486;962;30
54;438;493;931;30
55;501;469;970;30
56;437;490;927;30
57;522;466;988;30
58;480;450;930;30
59;466;438;904;30
60;469;460;929;30
61;441;481;922;30
62;466;464;930;30
63;448;439;887;30
64;438;436;874;30
65;465;430;895;30
66;446;463;909;30
67;467;494;961;30
68;496;488;984;30
69;489;463;952;30
70;475;481;956;30
71;426;434;860;30
72;381;403;784;30
73;357;335;692;30
74;337;329;666;30
75;309;319;628;30
76;247;281;528;30
77;260;269;529;30
78;217;267;484;30
79;212;227;439;30
80;168;198;366;30
81;165;219;384;30
82;143;176;319;30
83;136;161;297;30
84;98;167;265;30
85;90;137;227;30
86;97;135;232;30
87;69;138;207;30
88;56;114;170;30
89;50;108;158;30
90;40;80;120;30
91;29;69;98;30
92;25;56;81;30
93;15;41;56;30
94;15;45;60;30
95;13;28;41;30
96;1;22;23;30
97;4;16;20;30
98;2;8;10;30
99;2;5;7;30
0;278;280;558;29
1;347;302;649;29
2;333;359;692;29
3;360;341;701;29
4;386;355;741;29
5;452;407;859;29
6;382;381;763;29
7;409;394;803;29
8;447;406;853;29
9;483;394;877;29
10;454;419;873;29
11;429;449;878;29
12;451;443;894;29
13;485;456;941;29
14;496;434;930;29
15;540;458;998;29
16;516;459;975;29
17;519;496;1015;29
18;557;534;1091;29
19;523;476;999;29
20;559;438;997;29
21;450;398;848;29
22;383;318;701;29
23;411;310;721;29
24;353;322;675;29
25;358;337;695;29
26;365;355;720;29
27;329;317;646;29
28;349;310;659;29
29;353;290;643;29
30;300;343;643;29
31;367;333;700;29
32;352;326;678;29
33;358;335;693;29
34;369;341;710;29
35;338;362;700;29
36;379;373;752;29
37;393;408;801;29
38;411;412;823;29
39;448;419;867;29
40;444;455;899;29
41;400;455;855;29
42;480;460;940;29
43;534;551;1085;29
44;532;495;1027;29
45;506;532;1038;29
46;509;543;1052;29
47;569;509;1078;29
48;631;602;1233;29
49;615;590;1205;29
50;623;582;1205;29
51;566;540;1106;29
52;620;564;1184;29
53;543;550;1093;29
54;537;495;1032;29
55;529;518;1047;29
56;507;527;1034;29
57;490;473;963;29
58;515;485;1000;29
59;493;492;985;29
60;469;493;962;29
61;441;497;938;29
62;464;484;948;29
63;469;456;925;29
64;421;463;884;29
65;446;498;944;29
66;457;509;966;29
67;518;486;1004;29
68;485;544;1029;29
69;491;540;1031;29
70;527;554;1081;29
71;451;561;1012;29
72;468;458;926;29
73;410;481;891;29
74;369;419;788;29
75;378;404;782;29
76;329;380;709;29
77;344;413;757;29
78;288;362;650;29
79;282;319;601;29
80;240;260;500;29
81;226;300;526;29
82;181;219;400;29
83;191;231;422;29
84;135;215;350;29
85;133;184;317;29
86;96;170;266;29
87;97;151;248;29
88;72;146;218;29
89;61;121;182;29
90;56;114;170;29
91;38;84;122;29
92;25;65;90;29
93;28;58;86;29
94;27;49;76;29
95;13;30;43;29
96;6;16;22;29
97;2;11;13;29
98;2;12;14;29
99;2;8;10;29
0;309;326;635;28
1;348;328;676;28
2;336;367;703;28
3;365;365;730;28
4;398;359;757;28
5;432;372;804;28
6;448;430;878;28
7;469;413;882;28
8;425;431;856;28
9;463;442;905;28
10;483;483;966;28
11;507;496;1003;28
12;496;485;981;28
13;507;474;981;28
14;494;478;972;28
15;572;499;1071;28
16;534;497;1031;28
17;528;520;1048;28
18;542;475;1017;28
19;476;438;914;28
20;444;359;803;28
21;361;346;707;28
22;382;266;648;28
23;354;297;651;28
24;313;297;610;28
25;365;345;710;28
26;340;310;650;28
27;353;324;677;28
28;315;342;657;28
29;381;309;690;28
30;387;368;755;28
31;308;324;632;28
32;378;349;727;28
33;369;336;705;28
34;362;404;766;28
35;412;401;813;28
36;385;444;829;28
37;444;408;852;28
38;431;419;850;28
39;478;433;911;28
40;475;474;949;28
41;469;476;945;28
42;487;486;973;28
43;508;488;996;28
44;547;514;1061;28
45;529;513;1042;28
46;513;533;1046;28
47;553;514;1067;28
48;559;654;1213;28
49;650;586;1236;28
50;630;581;1211;28
51;610;550;1160;28
52;600;599;1199;28
53;536;574;1110;28
54;591;564;1155;28
55;581;592;1173;28
56;545;499;1044;28
57;572;550;1122;28
58;529;542;1071;28
59;584;548;1132;28
60;563;506;1069;28
61;494;554;1048;28
62;599;547;1146;28
63;487;539;1026;28
64;549;552;1101;28
65;504;466;970;28
66;486;535;1021;28
67;538;519;1057;28
68;543;503;1046;28
69;528;543;1071;28
70;546;572;1118;28
71;462;480;942;28
72;424;427;851;28
73;418;434;852;28
74;366;374;740;28
75;324;357;681;28
76;320;355;675;28
77;305;329;634;28
78;262;332;594;28
79;225;271;496;28
80;225;254;479;28
81;194;241;435;28
82;157;223;380;28
83;177;205;382;28
84;126;197;323;28
85;126;153;279;28
86;116;155;271;28
87;67;149;216;28
88;65;116;181;28
89;67;103;170;28
90;45;86;131;28
91;40;86;126;28
92;27;80;107;28
93;22;49;71;28
94;11;52;63;28
95;9;31;40;28
96;2;21;23;28
97;2;8;10;28
98;2;6;8;28
99;1;4;5;28
0;174;141;315;27
1;161;163;324;27
2;187;154;341;27
3;190;175;365;27
4;155;161;316;27
5;209;177;386;27
6;185;175;360;27
7;182;206;388;27
8;206;188;394;27
9;170;185;355;27
10;176;193;369;27
11;206;193;399;27
12;191;192;383;27
13;227;206;433;27
14;218;236;454;27
15;267;233;500;27
16;255;255;510;27
17;228;236;464;27
18;277;272;549;27
19;242;226;468;27
20;248;173;421;27
21;215;143;358;27
22;174;124;298;27
23;193;138;331;27
24;154;126;280;27
25;180;146;326;27
26;182;163;345;27
27;174;153;327;27
28;187;146;333;27
29;180;147;327;27
30;168;162;330;27
31;163;166;329;27
32;171;137;308;27
33;169;160;329;27
34;135;144;279;27
35;180;161;341;27
36;163;176;339;27
37;163;171;334;27
38;145;150;295;27
39;174;157;331;27
40;210;209;419;27
41;182;213;395;27
42;217;180;397;27
43;217;209;426;27
44;226;220;446;27
45;209;199;408;27
46;267;228;495;27
47;236;214;450;27
48;262;255;517;27
49;292;304;596;27
50;269;267;536;27
51;278;284;562;27
52;296;305;601;27
53;273;320;593;27
54;281;316;597;27
55;276;276;552;27
56;297;290;587;27
57;296;273;569;27
58;310;298;608;27
59;325;296;621;27
60;292;247;539;27
61;284;286;570;27
62;274;276;550;27
63;256;259;515;27
64;245;235;480;27
65;252;244;496;27
66;264;227;491;27
67;261;238;499;27
68;241;300;541;27
69;273;253;526;27
70;254;239;493;27
71;253;212;465;27
72;192;204;396;27
73;222;188;410;27
74;177;176;353;27
75;167;167;334;27
76;158;135;293;27
77;154;157;311;27
78;117;178;295;27
79;117;144;261;27
80;96;149;245;27
81;91;150;241;27
82;84;118;202;27
83;77;106;183;27
84;63;103;166;27
85;61;84;145;27
86;53;88;141;27
87;44;93;137;27
88;46;78;124;27
89;22;70;92;27
90;29;66;95;27
91;16;61;77;27
92;15;47;62;27
93;13;24;37;27
94;7;22;29;27
95;3;22;25;27
96;5;10;15;27
97;1;5;6;27
98;0;3;3;27
99;0;0;0;27
0;224;206;430;26
1;240;218;458;26
2;220;186;406;26
3;246;236;482;26
4;236;249;485;26
5;276;250;526;26
6;259;263;522;26
7;245;288;533;26
8;268;292;560;26
9;273;262;535;26
10;324;271;595;26
11;313;280;593;26
12;313;279;592;26
13;276;292;568;26
14;300;286;586;26
15;292;282;574;26
16;309;306;615;26
17;329;304;633;26
18;289;295;584;26
19;321;286;607;26
20;306;245;551;26
21;243;202;445;26
22;264;170;434;26
23;213;169;382;26
24;212;169;381;26
25;227;198;425;26
26;205;176;381;26
27;249;180;429;26
28;237;215;452;26
29;249;192;441;26
30;222;196;418;26
31;235;206;441;26
32;233;234;467;26
33;248;208;456;26
34;257;220;477;26
35;240;235;475;26
36;254;266;520;26
37;249;279;528;26
38;298;262;560;26
39;292;243;535;26
40;299;324;623;26
41;278;277;555;26
42;283;266;549;26
43;335;323;658;26
44;336;323;659;26
45;301;285;586;26
46;310;259;569;26
47;329;311;640;26
48;354;292;646;26
49;344;337;681;26
50;321;360;681;26
51;358;292;650;26
52;354;336;690;26
53;340;323;663;26
54;326;309;635;26
55;341;320;661;26
56;324;302;626;26
57;317;328;645;26
58;319;325;644;26
59;315;355;670;26
60;363;317;680;26
61;332;308;640;26
62;338;346;684;26
63;322;314;636;26
64;288;282;570;26
65;311;298;609;26
66;306;265;571;26
67;279;280;559;26
68;266;292;558;26
69;302;287;589;26
70;280;283;563;26
71;256;215;471;26
72;238;247;485;26
73;224;241;465;26
74;213;198;411;26
75;177;241;418;26
76;178;210;388;26
77;162;175;337;26
78;169;201;370;26
79;157;158;315;26
80;162;169;331;26
81;127;146;273;26
82;116;141;257;26
83;87;116;203;26
84;90;111;201;26
85;85;114;199;26
86;77;90;167;26
87;59;104;163;26
88;53;77;130;26
89;44;56;100;26
90;33;46;79;26
91;22;54;76;26
92;20;35;55;26
93;11;40;51;26
94;11;22;33;26
95;8;28;36;26
96;6;9;15;26
97;2;8;10;26
98;1;4;5;26
99;1;5;6;26
0;352;361;713;25
1;385;330;715;25
2;393;375;768;25
3;390;386;776;25
4;438;409;847;25
5;471;475;946;25
6;458;448;906;25
7;538;512;1050;25
8;465;471;936;25
9;476;467;943;25
10;443;491;934;25
11;517;483;1000;25
12;504;467;971;25
13;508;486;994;25
14;468;517;985;25
15;506;500;1006;25
16;515;492;1007;25
17;519;522;1041;25
18;567;494;1061;25
19;501;456;957;25
20;491;435;926;25
21;443;380;823;25
22;371;350;721;25
23;416;331;747;25
24;382;293;675;25
25;412;360;772;25
26;366;331;697;25
27;411;391;802;25
28;376;320;696;25
29;358;371;729;25
30;393;367;760;25
31;380;380;760;25
32;365;384;749;25
33;379;388;767;25
34;413;395;808;25
35;437;403;840;25
36;485;431;916;25
37;440;496;936;25
38;483;475;958;25
39;491;465;956;25
40;534;512;1046;25
41;543;532;1075;25
42;533;516;1049;25
43;530;569;1099;25
44;581;523;1104;25
45;517;501;1018;25
46;516;509;1025;25
47;548;490;1038;25
48;586;529;1115;25
49;622;583;1205;25
50;625;584;1209;25
51;586;623;1209;25
52;590;589;1179;25
53;576;556;1132;25
54;509;523;1032;25
55;493;523;1016;25
56;545;500;1045;25
57;537;504;1041;25
58;493;527;1020;25
59;485;457;942;25
60;496;470;966;25
61;481;462;943;25
62;515;470;985;25
63;467;470;937;25
64;428;444;872;25
65;454;407;861;25
66;452;434;886;25
67;466;468;934;25
68;493;496;989;25
69;549;506;1055;25
70;467;448;915;25
71;439;433;872;25
72;364;386;750;25
73;336;369;705;25
74;297;378;675;25
75;279;321;600;25
76;276;302;578;25
77;263;328;591;25
78;223;301;524;25
79;213;256;469;25
80;231;263;494;25
81;182;221;403;25
82;181;224;405;25
83;150;168;318;25
84;122;181;303;25
85;96;161;257;25
86;92;123;215;25
87;80;131;211;25
88;73;137;210;25
89;48;98;146;25
90;48;100;148;25
91;37;76;113;25
92;28;61;89;25
93;12;49;61;25
94;13;42;55;25
95;11;36;47;25
96;5;24;29;25
97;3;18;21;25
98;1;8;9;25
99;1;13;14;25
0;680;669;1349;24
1;661;615;1276;24
2;693;651;1344;24
3;725;680;1405;24
4;731;676;1407;24
5;766;786;1552;24
6;764;759;1523;24
7;864;787;1651;24
8;768;728;1496;24
9;782;740;1522;24
10;775;781;1556;24
11;846;784;1630;24
12;823;819;1642;24
13;811;714;1525;24
14;834;762;1596;24
15;788;754;1542;24
16;802;782;1584;24
17;801;802;1603;24
18;862;882;1744;24
19;938;923;1861;24
20;935;851;1786;24
21;888;795;1683;24
22;827;745;1572;24
23;862;771;1633;24
24;809;698;1507;24
25;829;763;1592;24
26;746;745;1491;24
27;730;735;1465;24
28;697;668;1365;24
29;675;699;1374;24
30;680;645;1325;24
31;707;670;1377;24
32;706;712;1418;24
33;710;665;1375;24
34;763;723;1486;24
35;721;753;1474;24
36;774;743;1517;24
37;809;750;1559;24
38;789;834;1623;24
39;856;841;1697;24
40;891;919;1810;24
41;848;909;1757;24
42;914;877;1791;24
43;961;1001;1962;24
44;875;870;1745;24
45;895;876;1771;24
46;939;829;1768;24
47;899;888;1787;24
48;966;962;1928;24
49;1019;1029;2048;24
50;997;964;1961;24
51;992;943;1935;24
52;983;876;1859;24
53;842;852;1694;24
54;883;775;1658;24
55;814;867;1681;24
56;823;766;1589;24
57;782;780;1562;24
58;749;813;1562;24
59;802;817;1619;24
60;803;811;1614;24
61;768;741;1509;24
62;752;770;1522;24
63;728;696;1424;24
64;702;717;1419;24
65;741;707;1448;24
66;644;739;1383;24
67;743;745;1488;24
68;754;811;1565;24
69;780;893;1673;24
70;773;731;1504;24
71;732;779;1511;24
72;621;692;1313;24
73;589;651;1240;24
74;529;596;1125;24
75;495;532;1027;24
76;462;468;930;24
77;417;447;864;24
78;348;424;772;24
79;344;382;726;24
80;275;364;639;24
81;264;353;617;24
82;208;316;524;24
83;232;313;545;24
84;173;289;462;24
85;162;286;448;24
86;153;210;363;24
87;118;210;328;24
88;95;178;273;24
89;89;215;304;24
90;84;132;216;24
91;51;105;156;24
92;41;107;148;24
93;30;71;101;24
94;26;73;99;24
95;13;40;53;24
96;11;27;38;24
97;6;15;21;24
98;6;15;21;24
99;2;11;13;24
0;445;412;857;23
1;401;426;827;23
2;458;459;917;23
3;424;396;820;23
4;429;416;845;23
5;452;457;909;23
6;482;411;893;23
7;471;453;924;23
8;456;418;874;23
9;483;451;934;23
10;442;394;836;23
11;462;456;918;23
12;440;459;899;23
13;465;453;918;23
14;456;453;909;23
15;485;496;981;23
16;510;463;973;23
17;488;507;995;23
18;488;555;1043;23
19;582;552;1134;23
20;591;619;1210;23
21;690;637;1327;23
22;711;659;1370;23
23;698;682;1380;23
24;672;622;1294;23
25;650;618;1268;23
26;640;538;1178;23
27;675;492;1167;23
28;582;492;1074;23
29;531;507;1038;23
30;510;483;993;23
31;475;443;918;23
32;502;430;932;23
33;521;412;933;23
34;444;465;909;23
35;492;472;964;23
36;502;422;924;23
37;489;446;935;23
38;501;452;953;23
39;487;475;962;23
40;509;525;1034;23
41;502;504;1006;23
42;559;527;1086;23
43;541;485;1026;23
44;576;524;1100;23
45;518;521;1039;23
46;546;529;1075;23
47;522;494;1016;23
48;572;604;1176;23
49;738;603;1341;23
50;584;608;1192;23
51;645;612;1257;23
52;578;601;1179;23
53;590;545;1135;23
54;566;558;1124;23
55;545;539;1084;23
56;554;518;1072;23
57;580;555;1135;23
58;534;571;1105;23
59;575;522;1097;23
60;561;524;1085;23
61;531;544;1075;23
62;541;547;1088;23
63;471;470;941;23
64;519;457;976;23
65;476;501;977;23
66;451;486;937;23
67;481;450;931;23
68;517;512;1029;23
69;529;510;1039;23
70;492;490;982;23
71;427;457;884;23
72;361;435;796;23
73;375;386;761;23
74;325;375;700;23
75;295;319;614;23
76;266;296;562;23
77;249;326;575;23
78;222;302;524;23
79;229;264;493;23
80;182;258;440;23
81;185;232;417;23
82;166;212;378;23
83;113;201;314;23
84;136;169;305;23
85;111;166;277;23
86;89;157;246;23
87;80;139;219;23
88;53;137;190;23
89;52;98;150;23
90;34;85;119;23
91;33;83;116;23
92;25;68;93;23
93;15;51;66;23
94;13;29;42;23
95;3;37;40;23
96;6;26;32;23
97;6;19;25;23
98;0;10;10;23
99;1;5;6;23
0;423;409;832;22
1;448;383;831;22
2;454;460;914;22
3;487;422;909;22
4;463;452;915;22
5;509;571;1080;22
6;559;529;1088;22
7;570;532;1102;22
8;545;523;1068;22
9;578;535;1113;22
10;580;506;1086;22
11;522;551;1073;22
12;534;566;1100;22
13;582;541;1123;22
14;557;554;1111;22
15;673;599;1272;22
16;610;611;1221;22
17;628;588;1216;22
18;687;602;1289;22
19;613;541;1154;22
20;594;434;1028;22
21;475;357;832;22
22;428;283;711;22
23;378;295;673;22
24;399;315;714;22
25;395;350;745;22
26;399;333;732;22
27;406;352;758;22
28;387;364;751;22
29;396;430;826;22
30;407;390;797;22
31;442;429;871;22
32;391;416;807;22
33;461;390;851;22
34;461;436;897;22
35;476;489;965;22
36;483;468;951;22
37;499;492;991;22
38;516;515;1031;22
39;534;500;1034;22
40;549;580;1129;22
41;514;535;1049;22
42;543;585;1128;22
43;608;586;1194;22
44;597;585;1182;22
45;592;628;1220;22
46;623;612;1235;22
47;622;630;1252;22
48;647;658;1305;22
49;713;717;1430;22
50;758;636;1394;22
51;711;652;1363;22
52;631;709;1340;22
53;682;644;1326;22
54;630;627;1257;22
55;660;623;1283;22
56;631;586;1217;22
57;589;593;1182;22
58;623;616;1239;22
59;604;613;1217;22
60;576;584;1160;22
61;604;607;1211;22
62;616;567;1183;22
63;566;576;1142;22
64;543;516;1059;22
65;550;546;1096;22
66;550;575;1125;22
67;567;584;1151;22
68;634;570;1204;22
69;571;612;1183;22
70;582;557;1139;22
71;551;514;1065;22
72;497;468;965;22
73;469;454;923;22
74;410;437;847;22
75;353;423;776;22
76;351;359;710;22
77;326;341;667;22
78;313;348;661;22
79;254;311;565;22
80;239;296;535;22
81;262;284;546;22
82;185;266;451;22
83;161;230;391;22
84;172;206;378;22
85;139;193;332;22
86;124;175;299;22
87;130;145;275;22
88;92;96;188;22
89;81;117;198;22
90;43;103;146;22
91;33;103;136;22
92;31;59;90;22
93;16;53;69;22
94;19;45;64;22
95;13;34;47;22
96;8;34;42;22
97;5;17;22;22
98;3;10;13;22
99;2;10;12;22
0;562;579;1141;21
1;628;561;1189;21
2;657;572;1229;21
3;694;605;1299;21
4;697;649;1346;21
5;746;770;1516;21
6;741;682;1423;21
7;757;728;1485;21
8;760;700;1460;21
9;738;729;1467;21
10;728;701;1429;21
11;745;727;1472;21
12;734;736;1470;21
13;776;746;1522;21
14;725;715;1440;21
15;810;826;1636;21
16;822;778;1600;21
17;760;739;1499;21
18;815;745;1560;21
19;891;790;1681;21
20;821;735;1556;21
21;707;628;1335;21
22;610;566;1176;21
23;594;529;1123;21
24;586;541;1127;21
25;650;585;1235;21
26;613;615;1228;21
27;643;594;1237;21
28;607;587;1194;21
29;625;622;1247;21
30;644;610;1254;21
31;592;611;1203;21
32;590;567;1157;21
33;663;592;1255;21
34;638;614;1252;21
35;684;690;1374;21
36;760;714;1474;21
37;763;765;1528;21
38;743;719;1462;21
39;815;769;1584;21
40;784;817;1601;21
41;768;839;1607;21
42;878;816;1694;21
43;820;828;1648;21
44;819;817;1636;21
45;820;789;1609;21
46;783;751;1534;21
47;820;874;1694;21
48;922;850;1772;21
49;970;938;1908;21
50;948;874;1822;21
51;903;895;1798;21
52;846;868;1714;21
53;835;842;1677;21
54;753;798;1551;21
55;772;757;1529;21
56;707;717;1424;21
57;707;691;1398;21
58;714;665;1379;21
59;692;721;1413;21
60;682;694;1376;21
61;638;643;1281;21
62;646;676;1322;21
63;683;656;1339;21
64;574;681;1255;21
65;615;670;1285;21
66;648;589;1237;21
67;682;728;1410;21
68;703;731;1434;21
69;739;703;1442;21
70;665;717;1382;21
71;605;632;1237;21
72;538;569;1107;21
73;477;592;1069;21
74;458;487;945;21
75;405;491;896;21
76;383;411;794;21
77;371;390;761;21
78;331;413;744;21
79;296;366;662;21
80;246;328;574;21
81;233;307;540;21
82;212;267;479;21
83;191;232;423;21
84;170;204;374;21
85;138;232;370;21
86;123;183;306;21
87;116;171;287;21
88;85;155;240;21
89;97;170;267;21
90;64;129;193;21
91;46;103;149;21
92;29;76;105;21
93;19;78;97;21
94;18;48;66;21
95;20;50;70;21
96;7;26;33;21
97;3;15;18;21
98;0;10;10;21
99;2;13;15;21
0;282;271;553;20
1;284;265;549;20
2;306;274;580;20
3;295;301;596;20
4;347;288;635;20
5;397;311;708;20
6;378;357;735;20
7;423;370;793;20
8;400;374;774;20
9;431;386;817;20
10;417;397;814;20
11;415;402;817;20
12;446;389;835;20
13;394;385;779;20
14;384;407;791;20
15;400;426;826;20
16;427;388;815;20
17;421;359;780;20
18;411;342;753;20
19;384;307;691;20
20;336;292;628;20
21;274;174;448;20
22;216;180;396;20
23;228;162;390;20
24;206;156;362;20
25;188;197;385;20
26;221;220;441;20
27;212;219;431;20
28;247;233;480;20
29;263;240;503;20
30;250;250;500;20
31;292;258;550;20
32;264;301;565;20
33;306;316;622;20
34;298;268;566;20
35;355;338;693;20
36;333;369;702;20
37;352;379;731;20
38;377;424;801;20
39;405;395;800;20
40;407;385;792;20
41;440;414;854;20
42;418;420;838;20
43;450;388;838;20
44;465;403;868;20
45;437;427;864;20
46;427;417;844;20
47;425;395;820;20
48;490;431;921;20
49;498;492;990;20
50;476;463;939;20
51;449;435;884;20
52;464;404;868;20
53;448;400;848;20
54;367;379;746;20
55;369;399;768;20
56;389;354;743;20
57;385;397;782;20
58;404;340;744;20
59;407;387;794;20
60;407;366;773;20
61;397;344;741;20
62;355;340;695;20
63;344;363;707;20
64;333;323;656;20
65;344;343;687;20
66;316;304;620;20
67;365;323;688;20
68;361;358;719;20
69;379;365;744;20
70;350;314;664;20
71;286;319;605;20
72;269;279;548;20
73;270;267;537;20
74;208;220;428;20
75;210;240;450;20
76;196;238;434;20
77;173;200;373;20
78;161;194;355;20
79;172;180;352;20
80;138;180;318;20
81;133;169;302;20
82;121;130;251;20
83;116;123;239;20
84;120;106;226;20
85;92;129;221;20
86;70;93;163;20
87;62;102;164;20
88;56;110;166;20
89;52;91;143;20
90;32;80;112;20
91;33;66;99;20
92;23;68;91;20
93;15;39;54;20
94;16;33;49;20
95;10;25;35;20
96;5;11;16;20
97;3;13;16;20
98;5;4;9;20
99;0;6;6;20
0;570;556;1126;19
1;615;593;1208;19
2;592;602;1194;19
3;687;621;1308;19
4;674;613;1287;19
5;725;697;1422;19
6;699;699;1398;19
7;732;657;1389;19
8;702;696;1398;19
9;686;705;1391;19
10;675;683;1358;19
11;690;650;1340;19
12;721;654;1375;19
13;652;646;1298;19
14;697;676;1373;19
15;652;683;1335;19
16;686;675;1361;19
17;716;618;1334;19
18;714;694;1408;19
19;835;791;1626;19
20;824;728;1552;19
21;852;680;1532;19
22;761;658;1419;19
23;758;650;1408;19
24;674;584;1258;19
25;694;569;1263;19
26;696;555;1251;19
27;611;606;1217;19
28;623;578;1201;19
29;613;551;1164;19
30;668;573;1241;19
31;617;501;1118;19
32;599;589;1188;19
33;635;652;1287;19
34;629;635;1264;19
35;683;680;1363;19
36;665;663;1328;19
37;739;686;1425;19
38;748;744;1492;19
39;733;735;1468;19
40;793;771;1564;19
41;807;815;1622;19
42;750;753;1503;19
43;897;781;1678;19
44;865;777;1642;19
45;738;740;1478;19
46;760;730;1490;19
47;846;778;1624;19
48;781;758;1539;19
49;906;850;1756;19
50;833;794;1627;19
51;805;873;1678;19
52;765;814;1579;19
53;758;754;1512;19
54;720;728;1448;19
55;710;703;1413;19
56;674;663;1337;19
57;665;712;1377;19
58;668;686;1354;19
59;699;671;1370;19
60;625;686;1311;19
61;668;681;1349;19
62;685;685;1370;19
63;664;660;1324;19
64;711;695;1406;19
65;616;699;1315;19
66;645;698;1343;19
67;674;700;1374;19
68;724;711;1435;19
69;717;730;1447;19
70;613;685;1298;19
71;626;621;1247;19
72;549;611;1160;19
73;489;511;1000;19
74;430;462;892;19
75;418;409;827;19
76;354;410;764;19
77;331;435;766;19
78;345;377;722;19
79;297;349;646;19
80;251;312;563;19
81;220;263;483;19
82;204;268;472;19
83;168;248;416;19
84;145;207;352;19
85;118;232;350;19
86;106;174;280;19
87;95;186;281;19
88;76;165;241;19
89;71;140;211;19
90;40;128;168;19
91;52;110;162;19
92;29;102;131;19
93;29;65;94;19
94;22;64;86;19
95;11;48;59;19
96;7;32;39;19
97;4;19;23;19
98;3;17;20;19
99;4;10;14;19
0;447;435;882;18
1;321;300;621;18
2;213;239;452;18
3;194;186;380;18
4;180;183;363;18
5;154;153;307;18
6;144;141;285;18
7;124;128;252;18
8;119;122;241;18
9;130;122;252;18
10;97;90;187;18
11;115;114;229;18
12;88;120;208;18
13;103;95;198;18
14;94;96;190;18
15;94;123;217;18
16;90;127;217;18
17;114;135;249;18
18;156;186;342;18
19;236;290;526;18
20;614;898;1512;18
21;1205;1786;2991;18
22;1673;2189;3862;18
23;1966;2310;4276;18
24;1887;2183;4070;18
25;1923;2002;3925;18
26;1672;1774;3446;18
27;1542;1465;3007;18
28;1287;1195;2482;18
29;1187;982;2169;18
30;962;793;1755;18
31;796;672;1468;18
32;689;588;1277;18
33;589;492;1081;18
34;555;408;963;18
35;466;402;868;18
36;420;324;744;18
37;393;291;684;18
38;324;258;582;18
39;315;284;599;18
40;294;256;550;18
41;288;251;539;18
42;289;210;499;18
43;249;221;470;18
44;263;241;504;18
45;227;218;445;18
46;248;211;459;18
47;239;209;448;18
48;223;214;437;18
49;230;243;473;18
50;254;235;489;18
51;256;226;482;18
52;215;229;444;18
53;199;238;437;18
54;215;253;468;18
55;229;243;472;18
56;192;211;403;18
57;224;221;445;18
58;216;237;453;18
59;228;231;459;18
60;221;240;461;18
61;232;239;471;18
62;215;212;427;18
63;226;258;484;18
64;222;207;429;18
65;198;241;439;18
66;162;187;349;18
67;177;201;378;18
68;185;210;395;18
69;175;247;422;18
70;148;173;321;18
71;160;165;325;18
72;112;139;251;18
73;108;154;262;18
74;93;131;224;18
75;79;146;225;18
76;104;152;256;18
77;90;121;211;18
78;79;117;196;18
79;71;108;179;18
80;59;115;174;18
81;51;90;141;18
82;33;95;128;18
83;36;91;127;18
84;46;79;125;18
85;37;88;125;18
86;37;100;137;18
87;33;86;119;18
88;28;89;117;18
89;19;95;114;18
90;18;75;93;18
91;18;60;78;18
92;12;49;61;18
93;14;52;66;18
94;5;34;39;18
95;6;39;45;18
96;2;19;21;18
97;1;16;17;18
98;1;8;9;18
99;0;7;7;18
0;1473;1420;2893;17
1;1365;1321;2686;17
2;1329;1294;2623;17
3;1356;1300;2656;17
4;1314;1264;2578;17
5;1317;1297;2614;17
6;1296;1265;2561;17
7;1293;1211;2504;17
8;1240;1211;2451;17
9;1288;1215;2503;17
10;1275;1267;2542;17
11;1254;1282;2536;17
12;1278;1191;2469;17
13;1263;1195;2458;17
14;1308;1323;2631;17
15;1363;1231;2594;17
16;1300;1245;2545;17
17;1380;1359;2739;17
18;1400;1342;2742;17
19;1561;1512;3073;17
20;2049;2070;4119;17
21;2419;2571;4990;17
22;2525;2464;4989;17
23;2538;2505;5043;17
24;2335;2342;4677;17
25;2346;2168;4514;17
26;2205;1976;4181;17
27;1847;1821;3668;17
28;1821;1709;3530;17
29;1658;1545;3203;17
30;1484;1493;2977;17
31;1500;1438;2938;17
32;1429;1389;2818;17
33;1406;1387;2793;17
34;1392;1324;2716;17
35;1332;1324;2656;17
36;1346;1348;2694;17
37;1328;1263;2591;17
38;1312;1190;2502;17
39;1249;1273;2522;17
40;1373;1362;2735;17
41;1293;1441;2734;17
42;1324;1395;2719;17
43;1332;1525;2857;17
44;1364;1439;2803;17
45;1365;1361;2726;17
46;1265;1440;2705;17
47;1326;1454;2780;17
48;1459;1466;2925;17
49;1469;1543;3012;17
50;1461;1522;2983;17
51;1375;1516;2891;17
52;1379;1468;2847;17
53;1416;1384;2800;17
54;1300;1393;2693;17
55;1349;1437;2786;17
56;1231;1349;2580;17
57;1275;1408;2683;17
58;1338;1304;2642;17
59;1257;1291;2548;17
60;1267;1295;2562;17
61;1170;1188;2358;17
62;1242;1269;2511;17
63;1249;1218;2467;17
64;1099;1152;2251;17
65;1091;1210;2301;17
66;1078;1126;2204;17
67;1040;1171;2211;17
68;1075;1220;2295;17
69;1174;1134;2308;17
70;988;1153;2141;17
71;1019;1069;2088;17
72;859;944;1803;17
73;790;867;1657;17
74;651;766;1417;17
75;619;756;1375;17
76;550;692;1242;17
77;543;662;1205;17
78;536;700;1236;17
79;475;587;1062;17
80;400;503;903;17
81;343;524;867;17
82;317;449;766;17
83;310;454;764;17
84;243;417;660;17
85;222;372;594;17
86;214;345;559;17
87;191;314;505;17
88;156;269;425;17
89;139;246;385;17
90;91;219;310;17
91;68;198;266;17
92;62;166;228;17
93;31;133;164;17
94;35;114;149;17
95;25;90;115;17
96;23;40;63;17
97;9;41;50;17
98;5;29;34;17
99;3;23;26;17
0;769;713;1482;16
1;778;740;1518;16
2;787;782;1569;16
3;847;841;1688;16
4;882;906;1788;16
5;958;893;1851;16
6;976;1010;1986;16
7;1014;943;1957;16
8;1028;1019;2047;16
9;1050;1035;2085;16
10;1043;1000;2043;16
11;1065;999;2064;16
12;1083;1024;2107;16
13;1028;950;1978;16
14;989;990;1979;16
15;1062;983;2045;16
16;1049;992;2041;16
17;1029;990;2019;16
18;1041;939;1980;16
19;985;941;1926;16
20;909;807;1716;16
21;772;615;1387;16
22;607;569;1176;16
23;572;536;1108;16
24;546;516;1062;16
25;597;536;1133;16
26;613;547;1160;16
27;572;528;1100;16
28;642;559;1201;16
29;653;632;1285;16
30;633;718;1351;16
31;662;680;1342;16
32;664;744;1408;16
33;723;752;1475;16
34;714;764;1478;16
35;810;840;1650;16
36;826;913;1739;16
37;944;942;1886;16
38;909;964;1873;16
39;1009;1059;2068;16
40;1079;1156;2235;16
41;1072;1078;2150;16
42;1101;1110;2211;16
43;1168;1221;2389;16
44;1136;1142;2278;16
45;1045;1090;2135;16
46;1033;998;2031;16
47;1038;1102;2140;16
48;1183;1095;2278;16
49;1185;1232;2417;16
50;1126;1164;2290;16
51;1139;1064;2203;16
52;1038;1083;2121;16
53;1031;975;2006;16
54;923;906;1829;16
55;940;939;1879;16
56;909;937;1846;16
57;912;872;1784;16
58;914;887;1801;16
59;932;912;1844;16
60;888;876;1764;16
61;817;924;1741;16
62;883;866;1749;16
63;877;910;1787;16
64;812;865;1677;16
65;855;885;1740;16
66;854;899;1753;16
67;851;889;1740;16
68;963;930;1893;16
69;887;931;1818;16
70;856;869;1725;16
71;760;793;1553;16
72;706;727;1433;16
73;626;647;1273;16
74;535;548;1083;16
75;479;541;1020;16
76;442;495;937;16
77;437;450;887;16
78;430;471;901;16
79;345;432;777;16
80;320;356;676;16
81;293;360;653;16
82;236;275;511;16
83;200;274;474;16
84;182;244;426;16
85;157;234;391;16
86;156;203;359;16
87;102;169;271;16
88;104;152;256;16
89;77;156;233;16
90;73;144;217;16
91;39;111;150;16
92;41;88;129;16
93;29;72;101;16
94;21;58;79;16
95;17;48;65;16
96;5;34;39;16
97;8;27;35;16
98;9;20;29;16
99;3;13;16;16
0;641;623;1264;15
1;717;642;1359;15
2;673;681;1354;15
3;764;639;1403;15
4;802;747;1549;15
5;802;727;1529;15
6;800;738;1538;15
7;806;814;1620;15
8;782;788;1570;15
9;849;763;1612;15
10;824;845;1669;15
11;831;775;1606;15
12;837;784;1621;15
13;862;792;1654;15
14;841;820;1661;15
15;872;835;1707;15
16;877;819;1696;15
17;911;840;1751;15
18;976;834;1810;15
19;891;816;1707;15
20;901;820;1721;15
21;808;804;1612;15
22;703;695;1398;15
23;722;716;1438;15
24;750;709;1459;15
25;766;659;1425;15
26;704;644;1348;15
27;740;679;1419;15
28;680;648;1328;15
29;736;663;1399;15
30;711;686;1397;15
31;702;666;1368;15
32;682;659;1341;15
33;694;691;1385;15
34;727;759;1486;15
35;725;698;1423;15
36;799;776;1575;15
37;851;773;1624;15
38;860;805;1665;15
39;840;839;1679;15
40;922;887;1809;15
41;908;832;1740;15
42;900;876;1776;15
43;885;922;1807;15
44;937;874;1811;15
45;903;838;1741;15
46;904;875;1779;15
47;901;845;1746;15
48;956;912;1868;15
49;1047;890;1937;15
50;1002;932;1934;15
51;1020;938;1958;15
52;912;958;1870;15
53;916;886;1802;15
54;820;841;1661;15
55;824;794;1618;15
56;819;816;1635;15
57;821;805;1626;15
58;823;781;1604;15
59;829;806;1635;15
60;794;805;1599;15
61;778;772;1550;15
62;793;805;1598;15
63;747;758;1505;15
64;758;706;1464;15
65;783;738;1521;15
66;672;730;1402;15
67;794;735;1529;15
68;779;795;1574;15
69;755;816;1571;15
70;783;802;1585;15
71;625;730;1355;15
72;631;647;1278;15
73;565;617;1182;15
74;504;528;1032;15
75;466;503;969;15
76;480;454;934;15
77;393;462;855;15
78;343;447;790;15
79;355;391;746;15
80;294;369;663;15
81;263;370;633;15
82;254;293;547;15
83;214;298;512;15
84;195;278;473;15
85;166;232;398;15
86;159;232;391;15
87;134;180;314;15
88;103;185;288;15
89;75;165;240;15
90;44;133;177;15
91;43;113;156;15
92;33;84;117;15
93;24;72;96;15
94;22;64;86;15
95;17;50;67;15
96;13;39;52;15
97;7;25;32;15
98;3;23;26;15
99;3;12;15;15
0;377;336;713;14
1;397;373;770;14
2;373;393;766;14
3;396;351;747;14
4;444;418;862;14
5;469;453;922;14
6;518;447;965;14
7;493;483;976;14
8;525;507;1032;14
9;488;538;1026;14
10;534;526;1060;14
11;510;556;1066;14
12;559;539;1098;14
13;548;514;1062;14
14;603;534;1137;14
15;574;528;1102;14
16;571;547;1118;14
17;584;592;1176;14
18;614;564;1178;14
19;576;492;1068;14
20;497;436;933;14
21;460;320;780;14
22;384;269;653;14
23;361;268;629;14
24;370;279;649;14
25;368;280;648;14
26;356;324;680;14
27;393;318;711;14
28;360;314;674;14
29;404;333;737;14
30;367;334;701;14
31;388;328;716;14
32;401;364;765;14
33;368;352;720;14
34;405;380;785;14
35;457;427;884;14
36;413;450;863;14
37;464;459;923;14
38;460;483;943;14
39;527;448;975;14
40;557;485;1042;14
41;513;450;963;14
42;508;542;1050;14
43;534;470;1004;14
44;546;551;1097;14
45;547;523;1070;14
46;584;482;1066;14
47;570;537;1107;14
48;591;542;1133;14
49;642;598;1240;14
50;643;569;1212;14
51;621;608;1229;14
52;599;596;1195;14
53;596;536;1132;14
54;598;530;1128;14
55;537;543;1080;14
56;594;498;1092;14
57;549;542;1091;14
58;567;534;1101;14
59;506;529;1035;14
60;513;483;996;14
61;513;476;989;14
62;509;554;1063;14
63;523;467;990;14
64;496;474;970;14
65;494;478;972;14
66;533;487;1020;14
67;535;505;1040;14
68;511;506;1017;14
69;514;460;974;14
70;517;471;988;14
71;428;453;881;14
72;370;385;755;14
73;378;363;741;14
74;353;351;704;14
75;319;322;641;14
76;289;311;600;14
77;258;300;558;14
78;248;282;530;14
79;228;300;528;14
80;235;286;521;14
81;192;267;459;14
82;156;214;370;14
83;155;201;356;14
84;139;159;298;14
85;111;179;290;14
86;96;146;242;14
87;112;140;252;14
88;90;114;204;14
89;73;136;209;14
90;45;98;143;14
91;55;89;144;14
92;27;65;92;14
93;22;48;70;14
94;20;42;62;14
95;15;37;52;14
96;12;25;37;14
97;3;19;22;14
98;3;10;13;14
99;5;10;15;14
0;444;420;864;13
1;409;401;810;13
2;442;404;846;13
3;457;423;880;13
4;476;500;976;13
5;533;465;998;13
6;522;484;1006;13
7;542;538;1080;13
8;571;560;1131;13
9;590;517;1107;13
10;568;533;1101;13
11;555;537;1092;13
12;607;561;1168;13
13;583;561;1144;13
14;556;570;1126;13
15;627;599;1226;13
16;607;566;1173;13
17;626;652;1278;13
18;643;644;1287;13
19;647;639;1286;13
20;616;584;1200;13
21;556;476;1032;13
22;458;430;888;13
23;487;481;968;13
24;490;436;926;13
25;491;405;896;13
26;490;406;896;13
27;477;396;873;13
28;488;452;940;13
29;446;390;836;13
30;456;393;849;13
31;448;433;881;13
32;418;406;824;13
33;480;443;923;13
34;419;449;868;13
35;458;483;941;13
36;498;488;986;13
37;503;460;963;13
38;552;529;1081;13
39;520;540;1060;13
40;597;578;1175;13
41;546;546;1092;13
42;565;559;1124;13
43;582;602;1184;13
44;620;552;1172;13
45;572;578;1150;13
46;552;602;1154;13
47;573;564;1137;13
48;707;638;1345;13
49;728;654;1382;13
50;702;667;1369;13
51;677;684;1361;13
52;705;683;1388;13
53;637;590;1227;13
54;580;627;1207;13
55;623;624;1247;13
56;578;639;1217;13
57;605;591;1196;13
58;603;602;1205;13
59;599;665;1264;13
60;634;615;1249;13
61;648;578;1226;13
62;617;630;1247;13
63;627;601;1228;13
64;587;536;1123;13
65;617;595;1212;13
66;570;573;1143;13
67;551;597;1148;13
68;596;640;1236;13
69;574;654;1228;13
70;625;588;1213;13
71;500;505;1005;13
72;483;493;976;13
73;499;478;977;13
74;396;395;791;13
75;380;388;768;13
76;352;380;732;13
77;321;356;677;13
78;289;337;626;13
79;265;334;599;13
80;236;292;528;13
81;237;252;489;13
82;187;259;446;13
83;164;193;357;13
84;141;214;355;13
85;123;214;337;13
86;144;189;333;13
87;92;165;257;13
88;91;139;230;13
89;55;103;158;13
90;60;91;151;13
91;38;100;138;13
92;32;66;98;13
93;24;60;84;13
94;18;32;50;13
95;14;32;46;13
96;5;29;34;13
97;8;21;29;13
98;2;8;10;13
99;4;7;11;13
0;239;210;449;12
1;211;219;430;12
2;233;236;469;12
3;262;245;507;12
4;259;235;494;12
5;269;296;565;12
6;302;269;571;12
7;313;305;618;12
8;284;306;590;12
9;299;323;622;12
10;267;315;582;12
11;349;299;648;12
12;305;276;581;12
13;339;321;660;12
14;342;292;634;12
15;335;355;690;12
16;374;369;743;12
17;345;333;678;12
18;342;341;683;12
19;380;329;709;12
20;352;310;662;12
21;300;238;538;12
22;274;195;469;12
23;283;225;508;12
24;275;196;471;12
25;257;206;463;12
26;287;241;528;12
27;258;226;484;12
28;295;264;559;12
29;271;229;500;12
30;254;226;480;12
31;255;252;507;12
32;232;194;426;12
33;243;242;485;12
34;262;215;477;12
35;273;251;524;12
36;272;258;530;12
37;321;260;581;12
38;304;274;578;12
39;337;267;604;12
40;313;306;619;12
41;301;316;617;12
42;333;333;666;12
43;346;337;683;12
44;368;315;683;12
45;344;345;689;12
46;327;301;628;12
47;356;336;692;12
48;357;363;720;12
49;378;424;802;12
50;384;351;735;12
51;404;411;815;12
52;389;359;748;12
53;368;390;758;12
54;391;351;742;12
55;387;370;757;12
56;358;397;755;12
57;356;397;753;12
58;340;367;707;12
59;406;349;755;12
60;372;361;733;12
61;359;357;716;12
62;368;353;721;12
63;381;347;728;12
64;373;348;721;12
65;350;322;672;12
66;352;313;665;12
67;342;323;665;12
68;383;349;732;12
69;375;351;726;12
70;333;337;670;12
71;327;345;672;12
72;282;264;546;12
73;270;284;554;12
74;218;265;483;12
75;258;231;489;12
76;214;215;429;12
77;200;216;416;12
78;186;210;396;12
79;171;195;366;12
80;148;187;335;12
81;147;137;284;12
82;112;175;287;12
83;120;144;264;12
84;115;120;235;12
85;83;106;189;12
86;79;114;193;12
87;67;113;180;12
88;59;100;159;12
89;39;85;124;12
90;39;68;107;12
91;25;57;82;12
92;24;60;84;12
93;21;36;57;12
94;15;26;41;12
95;14;24;38;12
96;9;13;22;12
97;3;10;13;12
98;3;5;8;12
99;0;7;7;12
0;451;407;858;11
1;477;435;912;11
2;460;414;874;11
3;510;525;1035;11
4;524;515;1039;11
5;569;532;1101;11
6;595;524;1119;11
7;611;589;1200;11
8;592;553;1145;11
9;618;591;1209;11
10;547;550;1097;11
11;613;578;1191;11
12;562;551;1113;11
13;579;545;1124;11
14;546;539;1085;11
15;626;498;1124;11
16;604;540;1144;11
17;620;528;1148;11
18;590;594;1184;11
19;658;639;1297;11
20;646;589;1235;11
21;516;477;993;11
22;482;428;910;11
23;482;418;900;11
24;453;371;824;11
25;466;402;868;11
26;448;421;869;11
27;442;421;863;11
28;492;449;941;11
29;457;407;864;11
30;446;442;888;11
31;485;437;922;11
32;426;426;852;11
33;495;406;901;11
34;482;482;964;11
35;494;526;1020;11
36;484;562;1046;11
37;581;525;1106;11
38;586;562;1148;11
39;592;534;1126;11
40;590;591;1181;11
41;551;634;1185;11
42;575;587;1162;11
43;622;642;1264;11
44;620;584;1204;11
45;572;560;1132;11
46;583;601;1184;11
47;592;577;1169;11
48;646;656;1302;11
49;731;709;1440;11
50;665;659;1324;11
51;671;635;1306;11
52;633;582;1215;11
53;600;613;1213;11
54;605;579;1184;11
55;618;521;1139;11
56;586;567;1153;11
57;590;595;1185;11
58;586;542;1128;11
59;536;571;1107;11
60;590;542;1132;11
61;530;565;1095;11
62;583;578;1161;11
63;512;474;986;11
64;539;547;1086;11
65;525;530;1055;11
66;525;472;997;11
67;491;534;1025;11
68;540;517;1057;11
69;552;557;1109;11
70;518;525;1043;11
71;452;477;929;11
72;391;432;823;11
73;407;423;830;11
74;321;396;717;11
75;313;353;666;11
76;304;341;645;11
77;273;322;595;11
78;264;295;559;11
79;239;277;516;11
80;195;261;456;11
81;187;269;456;11
82;183;201;384;11
83;128;192;320;11
84;132;208;340;11
85;125;176;301;11
86;107;160;267;11
87;101;161;262;11
88;71;141;212;11
89;67;105;172;11
90;48;115;163;11
91;48;85;133;11
92;29;73;102;11
93;20;53;73;11
94;10;57;67;11
95;8;36;44;11
96;4;23;27;11
97;8;15;23;11
98;2;10;12;11
99;2;9;11;11
0;765;707;1472;10
1;766;730;1496;10
2;767;731;1498;10
3;850;797;1647;10
4;851;854;1705;10
5;885;925;1810;10
6;1000;870;1870;10
7;1011;965;1976;10
8;963;940;1903;10
9;998;960;1958;10
10;982;899;1881;10
11;984;991;1975;10
12;984;951;1935;10
13;957;910;1867;10
14;982;930;1912;10
15;1027;969;1996;10
16;1050;981;2031;10
17;996;997;1993;10
18;1052;982;2034;10
19;1067;1008;2075;10
20;1032;951;1983;10
21;896;850;1746;10
22;875;744;1619;10
23;780;709;1489;10
24;780;766;1546;10
25;826;738;1564;10
26;718;713;1431;10
27;766;737;1503;10
28;751;707;1458;10
29;779;728;1507;10
30;776;738;1514;10
31;745;721;1466;10
32;776;765;1541;10
33;796;789;1585;10
34;818;827;1645;10
35;843;842;1685;10
36;903;874;1777;10
37;987;934;1921;10
38;972;1003;1975;10
39;1031;1006;2037;10
40;1129;1186;2315;10
41;1119;1033;2152;10
42;1143;1092;2235;10
43;1179;1128;2307;10
44;1088;1126;2214;10
45;1114;1132;2246;10
46;1075;1078;2153;10
47;1129;1009;2138;10
48;1114;1065;2179;10
49;1233;1193;2426;10
50;1197;1144;2341;10
51;1151;1061;2212;10
52;1085;1045;2130;10
53;1034;989;2023;10
54;1001;987;1988;10
55;1011;966;1977;10
56;915;909;1824;10
57;910;884;1794;10
58;907;923;1830;10
59;922;851;1773;10
60;892;865;1757;10
61;863;884;1747;10
62;851;873;1724;10
63;831;878;1709;10
64;814;894;1708;10
65;853;953;1806;10
66;928;829;1757;10
67;921;877;1798;10
68;984;927;1911;10
69;927;943;1870;10
70;856;929;1785;10
71;843;855;1698;10
72;755;793;1548;10
73;702;736;1438;10
74;624;665;1289;10
75;536;625;1161;10
76;467;553;1020;10
77;474;526;1000;10
78;441;509;950;10
79;385;512;897;10
80;321;432;753;10
81;333;353;686;10
82;242;364;606;10
83;241;318;559;10
84;206;299;505;10
85;197;292;489;10
86;175;267;442;10
87;156;223;379;10
88;127;211;338;10
89;87;193;280;10
90;82;149;231;10
91;76;144;220;10
92;48;107;155;10
93;35;83;118;10
94;27;76;103;10
95;18;67;85;10
96;11;35;46;10
97;8;30;38;10
98;2;22;24;10
99;5;22;27;10
0;456;453;909;9
1;431;459;890;9
2;539;447;986;9
3;523;498;1021;9
4;539;561;1100;9
5;653;557;1210;9
6;622;536;1158;9
7;613;579;1192;9
8;652;580;1232;9
9;630;596;1226;9
10;619;600;1219;9
11;615;584;1199;9
12;638;593;1231;9
13;620;563;1183;9
14;649;611;1260;9
15;668;647;1315;9
16;656;591;1247;9
17;697;652;1349;9
18;766;657;1423;9
19;745;630;1375;9
20;693;545;1238;9
21;564;423;987;9
22;520;344;864;9
23;535;326;861;9
24;435;375;810;9
25;407;357;764;9
26;418;386;804;9
27;447;398;845;9
28;422;413;835;9
29;457;395;852;9
30;435;401;836;9
31;426;449;875;9
32;470;453;923;9
33;471;460;931;9
34;492;540;1032;9
35;508;532;1040;9
36;537;544;1081;9
37;577;586;1163;9
38;600;610;1210;9
39;603;611;1214;9
40;675;688;1363;9
41;725;652;1377;9
42;651;695;1346;9
43;707;697;1404;9
44;691;703;1394;9
45;641;655;1296;9
46;699;680;1379;9
47;677;704;1381;9
48;750;730;1480;9
49;815;774;1589;9
50;787;806;1593;9
51;748;722;1470;9
52;778;775;1553;9
53;725;700;1425;9
54;726;711;1437;9
55;668;699;1367;9
56;641;656;1297;9
57;696;695;1391;9
58;676;685;1361;9
59;699;700;1399;9
60;679;691;1370;9
61;724;719;1443;9
62;691;674;1365;9
63;660;746;1406;9
64;682;668;1350;9
65;715;651;1366;9
66;685;690;1375;9
67;707;700;1407;9
68;741;709;1450;9
69;748;751;1499;9
70;714;715;1429;9
71;656;599;1255;9
72;581;592;1173;9
73;495;518;1013;9
74;446;482;928;9
75;453;457;910;9
76;387;402;789;9
77;356;437;793;9
78;352;361;713;9
79;293;336;629;9
80;274;316;590;9
81;208;289;497;9
82;247;269;516;9
83;195;238;433;9
84;174;223;397;9
85;155;199;354;9
86;128;184;312;9
87;127;161;288;9
88;84;158;242;9
89;73;133;206;9
90;55;120;175;9
91;45;111;156;9
92;23;77;100;9
93;19;59;78;9
94;20;59;79;9
95;13;42;55;9
96;13;21;34;9
97;4;27;31;9
98;4;13;17;9
99;3;11;14;9
0;717;648;1365;8
1;651;642;1293;8
2;726;678;1404;8
3;726;747;1473;8
4;780;670;1450;8
5;795;751;1546;8
6;782;749;1531;8
7;916;772;1688;8
8;777;781;1558;8
9;808;798;1606;8
10;852;774;1626;8
11;783;781;1564;8
12;781;761;1542;8
13;802;716;1518;8
14;788;752;1540;8
15;820;782;1602;8
16;749;717;1466;8
17;866;700;1566;8
18;787;734;1521;8
19;813;699;1512;8
20;830;656;1486;8
21;803;579;1382;8
22;686;534;1220;8
23;671;590;1261;8
24;618;561;1179;8
25;629;573;1202;8
26;629;584;1213;8
27;518;590;1108;8
28;660;555;1215;8
29;634;597;1231;8
30;652;625;1277;8
31;691;651;1342;8
32;619;584;1203;8
33;698;675;1373;8
34;715;716;1431;8
35;717;736;1453;8
36;769;718;1487;8
37;781;762;1543;8
38;773;805;1578;8
39;840;811;1651;8
40;819;937;1756;8
41;814;828;1642;8
42;818;769;1587;8
43;908;859;1767;8
44;842;824;1666;8
45;833;861;1694;8
46;796;769;1565;8
47;893;847;1740;8
48;861;895;1756;8
49;986;924;1910;8
50;953;930;1883;8
51;910;898;1808;8
52;910;908;1818;8
53;855;884;1739;8
54;823;822;1645;8
55;847;824;1671;8
56;805;822;1627;8
57;816;806;1622;8
58;732;828;1560;8
59;819;773;1592;8
60;783;785;1568;8
61;775;752;1527;8
62;757;747;1504;8
63;729;721;1450;8
64;747;724;1471;8
65;711;751;1462;8
66;766;701;1467;8
67;770;763;1533;8
68;757;804;1561;8
69;737;749;1486;8
70;793;740;1533;8
71;680;739;1419;8
72;584;603;1187;8
73;517;622;1139;8
74;498;506;1004;8
75;443;483;926;8
76;379;472;851;8
77;390;436;826;8
78;383;375;758;8
79;317;398;715;8
80;270;361;631;8
81;243;309;552;8
82;251;267;518;8
83;204;251;455;8
84;200;211;411;8
85;147;181;328;8
86;141;188;329;8
87;119;192;311;8
88;84;152;236;8
89;69;130;199;8
90;65;116;181;8
91;47;104;151;8
92;34;80;114;8
93;22;55;77;8
94;17;56;73;8
95;10;42;52;8
96;4;23;27;8
97;8;21;29;8
98;3;16;19;8
99;0;10;10;8
0;384;368;752;7
1;317;309;626;7
2;289;273;562;7
3;288;247;535;7
4;303;263;566;7
5;263;266;529;7
6;256;265;521;7
7;277;222;499;7
8;266;249;515;7
9;260;266;526;7
10;259;235;494;7
11;249;249;498;7
12;244;242;486;7
13;249;251;500;7
14;267;241;508;7
15;269;254;523;7
16;244;283;527;7
17;278;279;557;7
18;363;388;751;7
19;544;646;1190;7
20;992;1117;2109;7
21;1573;1574;3147;7
22;1726;1690;3416;7
23;1782;1754;3536;7
24;1533;1459;2992;7
25;1457;1242;2699;7
26;1299;1004;2303;7
27;1088;796;1884;7
28;881;671;1552;7
29;815;621;1436;7
30;755;517;1272;7
31;621;484;1105;7
32;515;452;967;7
33;542;410;952;7
34;448;334;782;7
35;473;375;848;7
36;460;376;836;7
37;392;363;755;7
38;393;357;750;7
39;412;335;747;7
40;431;358;789;7
41;396;337;733;7
42;364;344;708;7
43;356;350;706;7
44;363;334;697;7
45;373;323;696;7
46;360;332;692;7
47;351;352;703;7
48;361;373;734;7
49;458;448;906;7
50;400;394;794;7
51;377;414;791;7
52;375;377;752;7
53;343;368;711;7
54;355;368;723;7
55;351;319;670;7
56;286;323;609;7
57;343;396;739;7
58;322;346;668;7
59;348;356;704;7
60;272;334;606;7
61;343;339;682;7
62;308;316;624;7
63;302;317;619;7
64;294;301;595;7
65;261;307;568;7
66;274;325;599;7
67;288;335;623;7
68;299;356;655;7
69;321;353;674;7
70;323;323;646;7
71;273;295;568;7
72;236;301;537;7
73;192;286;478;7
74;195;286;481;7
75;196;260;456;7
76;181;242;423;7
77;175;220;395;7
78;160;235;395;7
79;140;211;351;7
80;141;188;329;7
81;115;187;302;7
82;126;201;327;7
83;85;161;246;7
84;103;135;238;7
85;77;124;201;7
86;70;156;226;7
87;73;135;208;7
88;54;110;164;7
89;53;100;153;7
90;40;111;151;7
91;28;98;126;7
92;27;63;90;7
93;18;58;76;7
94;13;50;63;7
95;13;37;50;7
96;6;30;36;7
97;3;15;18;7
98;1;9;10;7
99;1;12;13;7
0;334;312;646;6
1;376;362;738;6
2;375;329;704;6
3;392;395;787;6
4;354;415;769;6
5;414;388;802;6
6;405;385;790;6
7;476;431;907;6
8;458;416;874;6
9;454;397;851;6
10;457;458;915;6
11;478;434;912;6
12;471;437;908;6
13;496;422;918;6
14;477;502;979;6
15;505;494;999;6
16;499;509;1008;6
17;472;516;988;6
18;539;471;1010;6
19;517;485;1002;6
20;481;389;870;6
21;427;300;727;6
22;385;308;693;6
23;398;288;686;6
24;345;261;606;6
25;377;272;649;6
26;348;333;681;6
27;400;305;705;6
28;360;325;685;6
29;368;337;705;6
30;373;343;716;6
31;334;338;672;6
32;357;305;662;6
33;399;334;733;6
34;379;361;740;6
35;409;351;760;6
36;405;376;781;6
37;407;402;809;6
38;403;434;837;6
39;432;425;857;6
40;485;461;946;6
41;449;449;898;6
42;480;436;916;6
43;491;466;957;6
44;524;460;984;6
45;507;485;992;6
46;465;477;942;6
47;548;493;1041;6
48;557;509;1066;6
49;586;592;1178;6
50;546;549;1095;6
51;617;541;1158;6
52;565;562;1127;6
53;565;503;1068;6
54;540;502;1042;6
55;520;532;1052;6
56;489;511;1000;6
57;529;496;1025;6
58;502;511;1013;6
59;458;509;967;6
60;498;456;954;6
61;483;438;921;6
62;487;454;941;6
63;463;446;909;6
64;503;451;954;6
65;469;449;918;6
66;452;432;884;6
67;485;431;916;6
68;492;473;965;6
69;464;481;945;6
70;453;457;910;6
71;446;410;856;6
72;408;398;806;6
73;349;354;703;6
74;281;344;625;6
75;294;310;604;6
76;269;299;568;6
77;268;268;536;6
78;230;285;515;6
79;245;255;500;6
80;202;229;431;6
81;173;229;402;6
82;189;192;381;6
83;142;181;323;6
84;129;175;304;6
85;105;184;289;6
86;106;150;256;6
87;88;137;225;6
88;70;127;197;6
89;69;100;169;6
90;57;105;162;6
91;29;85;114;6
92;27;51;78;6
93;20;49;69;6
94;19;49;68;6
95;15;36;51;6
96;8;27;35;6
97;8;12;20;6
98;5;9;14;6
99;1;10;11;6
0;287;287;574;5
1;254;306;560;5
2;304;265;569;5
3;327;299;626;5
4;331;338;669;5
5;357;364;721;5
6;357;356;713;5
7;390;372;762;5
8;374;351;725;5
9;402;349;751;5
10;392;365;757;5
11;375;381;756;5
12;411;388;799;5
13;399;398;797;5
14;405;377;782;5
15;423;399;822;5
16;450;412;862;5
17;461;435;896;5
18;487;409;896;5
19;467;432;899;5
20;442;369;811;5
21;377;264;641;5
22;349;230;579;5
23;310;245;555;5
24;310;267;577;5
25;314;283;597;5
26;307;302;609;5
27;311;281;592;5
28;339;261;600;5
29;360;249;609;5
30;298;288;586;5
31;301;255;556;5
32;303;279;582;5
33;299;321;620;5
34;266;262;528;5
35;360;307;667;5
36;341;321;662;5
37;322;316;638;5
38;371;337;708;5
39;358;360;718;5
40;402;384;786;5
41;362;326;688;5
42;379;408;787;5
43;441;408;849;5
44;391;435;826;5
45;412;396;808;5
46;457;413;870;5
47;443;453;896;5
48;470;468;938;5
49;491;480;971;5
50;536;476;1012;5
51;476;489;965;5
52;502;471;973;5
53;484;491;975;5
54;510;493;1003;5
55;499;493;992;5
56;479;474;953;5
57;485;508;993;5
58;503;491;994;5
59;473;499;972;5
60;487;442;929;5
61;487;485;972;5
62;489;477;966;5
63;465;452;917;5
64;520;454;974;5
65;477;460;937;5
66;503;445;948;5
67;517;468;985;5
68;474;476;950;5
69;494;458;952;5
70;474;451;925;5
71;431;434;865;5
72;366;395;761;5
73;362;361;723;5
74;297;334;631;5
75;299;339;638;5
76;256;272;528;5
77;256;278;534;5
78;215;249;464;5
79;205;271;476;5
80;200;236;436;5
81;170;202;372;5
82;144;208;352;5
83;149;224;373;5
84;123;183;306;5
85;103;155;258;5
86;95;147;242;5
87;79;134;213;5
88;53;122;175;5
89;67;142;209;5
90;51;94;145;5
91;36;69;105;5
92;25;80;105;5
93;17;47;64;5
94;13;37;50;5
95;14;36;50;5
96;6;21;27;5
97;2;23;25;5
98;1;10;11;5
99;1;4;5;5
0;194;170;364;4
1;183;205;388;4
2;195;192;387;4
3;244;196;440;4
4;235;220;455;4
5;235;204;439;4
6;303;233;536;4
7;240;238;478;4
8;250;229;479;4
9;266;275;541;4
10;309;236;545;4
11;261;276;537;4
12;285;234;519;4
13;280;283;563;4
14;273;284;557;4
15;309;272;581;4
16;300;287;587;4
17;292;258;550;4
18;315;299;614;4
19;281;244;525;4
20;246;197;443;4
21;229;157;386;4
22;166;127;293;4
23;211;134;345;4
24;169;155;324;4
25;173;144;317;4
26;169;135;304;4
27;180;166;346;4
28;186;181;367;4
29;182;168;350;4
30;203;206;409;4
31;179;188;367;4
32;185;173;358;4
33;207;172;379;4
34;190;225;415;4
35;200;214;414;4
36;238;259;497;4
37;262;254;516;4
38;275;243;518;4
39;273;235;508;4
40;295;265;560;4
41;272;263;535;4
42;275;296;571;4
43;295;288;583;4
44;280;292;572;4
45;297;273;570;4
46;298;312;610;4
47;286;298;584;4
48;309;326;635;4
49;336;361;697;4
50;349;319;668;4
51;340;314;654;4
52;321;301;622;4
53;331;371;702;4
54;325;302;627;4
55;290;325;615;4
56;289;247;536;4
57;343;277;620;4
58;278;302;580;4
59;319;288;607;4
60;274;296;570;4
61;252;305;557;4
62;307;296;603;4
63;287;301;588;4
64;298;300;598;4
65;328;302;630;4
66;291;280;571;4
67;308;317;625;4
68;348;318;666;4
69;352;317;669;4
70;314;333;647;4
71;311;307;618;4
72;277;270;547;4
73;228;248;476;4
74;234;203;437;4
75;202;185;387;4
76;171;182;353;4
77;152;157;309;4
78;131;163;294;4
79;137;150;287;4
80;143;144;287;4
81;96;126;222;4
82;90;123;213;4
83;83;105;188;4
84;76;101;177;4
85;62;85;147;4
86;56;91;147;4
87;36;70;106;4
88;48;66;114;4
89;39;39;78;4
90;25;49;74;4
91;19;42;61;4
92;18;45;63;4
93;13;26;39;4
94;7;27;34;4
95;7;16;23;4
96;6;13;19;4
97;3;3;6;4
98;2;12;14;4
99;1;3;4;4
0;378;349;727;3
1;394;379;773;3
2;350;349;699;3
3;399;341;740;3
4;414;344;758;3
5;427;418;845;3
6;444;421;865;3
7;475;450;925;3
8;429;425;854;3
9;420;439;859;3
10;475;460;935;3
11;459;432;891;3
12;455;417;872;3
13;458;433;891;3
14;467;428;895;3
15;476;475;951;3
16;487;497;984;3
17;524;446;970;3
18;504;426;930;3
19;547;478;1025;3
20;495;474;969;3
21;491;402;893;3
22;506;413;919;3
23;482;426;908;3
24;479;425;904;3
25;445;444;889;3
26;467;423;890;3
27;466;379;845;3
28;484;420;904;3
29;463;417;880;3
30;442;385;827;3
31;434;366;800;3
32;419;368;787;3
33;444;388;832;3
34;433;431;864;3
35;442;437;879;3
36;455;452;907;3
37;502;451;953;3
38;451;455;906;3
39;486;499;985;3
40;531;541;1072;3
41;527;464;991;3
42;506;481;987;3
43;545;519;1064;3
44;526;500;1026;3
45;497;468;965;3
46;544;494;1038;3
47;564;555;1119;3
48;613;579;1192;3
49;634;591;1225;3
50;605;610;1215;3
51;600;595;1195;3
52;634;555;1189;3
53;604;575;1179;3
54;563;567;1130;3
55;545;557;1102;3
56;533;515;1048;3
57;524;563;1087;3
58;537;517;1054;3
59;548;531;1079;3
60;546;540;1086;3
61;511;528;1039;3
62;515;545;1060;3
63;526;521;1047;3
64;503;523;1026;3
65;533;546;1079;3
66;511;550;1061;3
67;563;527;1090;3
68;541;547;1088;3
69;595;571;1166;3
70;571;576;1147;3
71;489;532;1021;3
72;427;500;927;3
73;416;400;816;3
74;352;398;750;3
75;330;337;667;3
76;272;336;608;3
77;318;319;637;3
78;263;325;588;3
79;277;291;568;3
80;230;295;525;3
81;209;225;434;3
82;212;226;438;3
83;154;202;356;3
84;157;210;367;3
85;118;197;315;3
86;111;158;269;3
87;95;149;244;3
88;76;122;198;3
89;88;113;201;3
90;46;88;134;3
91;53;85;138;3
92;32;65;97;3
93;21;53;74;3
94;33;41;74;3
95;15;45;60;3
96;10;21;31;3
97;2;14;16;3
98;4;13;17;3
99;1;7;8;3
0;364;328;692;2
1;362;306;668;2
2;340;272;612;2
3;355;379;734;2
4;350;375;725;2
5;415;395;810;2
6;412;403;815;2
7;440;455;895;2
8;425;371;796;2
9;450;417;867;2
10;479;425;904;2
11;449;450;899;2
12;438;426;864;2
13;478;418;896;2
14;455;399;854;2
15;500;393;893;2
16;484;437;921;2
17;472;451;923;2
18;439;438;877;2
19;507;457;964;2
20;441;417;858;2
21;427;368;795;2
22;371;357;728;2
23;376;325;701;2
24;373;312;685;2
25;355;319;674;2
26;382;333;715;2
27;354;286;640;2
28;378;334;712;2
29;323;334;657;2
30;344;334;678;2
31;332;319;651;2
32;348;324;672;2
33;359;367;726;2
34;353;384;737;2
35;387;348;735;2
36;384;407;791;2
37;417;402;819;2
38;386;399;785;2
39;464;424;888;2
40;462;405;867;2
41;483;439;922;2
42;451;465;916;2
43;473;498;971;2
44;470;475;945;2
45;466;428;894;2
46;458;479;937;2
47;471;452;923;2
48;532;502;1034;2
49;536;526;1062;2
50;526;495;1021;2
51;540;531;1071;2
52;537;504;1041;2
53;512;465;977;2
54;472;491;963;2
55;490;521;1011;2
56;483;482;965;2
57;447;491;938;2
58;477;464;941;2
59;479;497;976;2
60;490;500;990;2
61;438;484;922;2
62;425;465;890;2
63;430;473;903;2
64;432;455;887;2
65;454;436;890;2
66;452;421;873;2
67;509;460;969;2
68;473;472;945;2
69;486;463;949;2
70;439;414;853;2
71;391;412;803;2
72;377;398;775;2
73;320;347;667;2
74;298;321;619;2
75;304;299;603;2
76;258;343;601;2
77;240;279;519;2
78;226;256;482;2
79;215;263;478;2
80;208;233;441;2
81;189;236;425;2
82;168;199;367;2
83;141;203;344;2
84;133;186;319;2
85;120;161;281;2
86;112;154;266;2
87;79;147;226;2
88;73;143;216;2
89;80;104;184;2
90;52;105;157;2
91;44;83;127;2
92;31;64;95;2
93;20;74;94;2
94;19;36;55;2
95;7;43;50;2
96;10;28;38;2
97;6;13;19;2
98;5;9;14;2
99;2;9;11;2
0;242;255;497;1
1;242;234;476;1
2;254;247;501;1
3;253;291;544;1
4;288;269;557;1
5;296;304;600;1
6;340;293;633;1
7;349;290;639;1
8;367;321;688;1
9;350;344;694;1
10;358;359;717;1
11;361;314;675;1
12;342;327;669;1
13;338;336;674;1
14;367;345;712;1
15;376;340;716;1
16;390;375;765;1
17;401;392;793;1
18;434;414;848;1
19;427;357;784;1
20;412;329;741;1
21;343;261;604;1
22;326;208;534;1
23;299;248;547;1
24;310;253;563;1
25;294;277;571;1
26;289;238;527;1
27;288;234;522;1
28;303;232;535;1
29;270;261;531;1
30;281;259;540;1
31;294;268;562;1
32;287;249;536;1
33;314;264;578;1
34;284;249;533;1
35;286;304;590;1
36;340;281;621;1
37;325;326;651;1
38;316;349;665;1
39;348;317;665;1
40;368;375;743;1
41;399;403;802;1
42;381;385;766;1
43;418;414;832;1
44;417;396;813;1
45;410;381;791;1
46;425;415;840;1
47;431;411;842;1
48;520;455;975;1
49;554;544;1098;1
50;538;544;1082;1
51;540;517;1057;1
52;548;547;1095;1
53;474;481;955;1
54;556;494;1050;1
55;553;529;1082;1
56;489;472;961;1
57;482;487;969;1
58;470;496;966;1
59;487;473;960;1
60;460;491;951;1
61;481;479;960;1
62;524;456;980;1
63;454;454;908;1
64;426;430;856;1
65;472;478;950;1
66;488;510;998;1
67;476;474;950;1
68;512;470;982;1
69;529;515;1044;1
70;498;496;994;1
71;482;514;996;1
72;430;473;903;1
73;418;433;851;1
74;340;374;714;1
75;276;338;614;1
76;274;321;595;1
77;259;297;556;1
78;238;283;521;1
79;235;249;484;1
80;187;254;441;1
81;208;216;424;1
82;161;213;374;1
83;118;195;313;1
84;117;175;292;1
85;111;167;278;1
86;95;149;244;1
87;93;145;238;1
88;71;122;193;1
89;73;102;175;1
90;53;77;130;1
91;25;66;91;1
92;21;74;95;1
93;19;52;71;1
94;17;52;69;1
95;7;22;29;1
96;11;19;30;1
97;5;14;19;1
98;1;10;11;1
99;2;9;11;1
